+2.98237
+3.01494
+3.06403
+3.09748
+3.13899
+3.21403
+3.22046
+3.21879
+3.31970
+3.29334
+3.34878
+3.42904
+3.37175
+3.44030
+3.48834
+3.44462
+3.45130
+3.45038
+3.39251
+3.46315
+3.42168
+3.34513
+3.40917
+3.37105
+3.31517
+3.37753
+3.29524
+3.28191
+3.29282
+3.31686
+3.20434
+3.23067
+3.24971
+3.09278
+3.11155
+3.17186
+3.01049
+3.04429
+3.05777
+2.84352
+2.90652
+2.94437
+2.74259
+2.80570
+2.81607
+2.60246
+2.67315
+2.67312
+2.54261
+2.42260
+2.57153
+2.36510
+2.26346
+2.28510
+2.35118
