+0.00000E+0	+0.00000E+0	-1.08657E-3	-5.43285E-8
+1.31000E-2	+1.25591E-2	+1.09311E-1	+8.93728E-4
+2.62000E-2	+2.51163E-2	+1.81790E-1	+2.77001E-3
+3.93000E-2	+3.76695E-2	+4.39816E-1	+6.79836E-3
+5.24000E-2	+5.02167E-2	+5.47619E-1	+1.34062E-2
+6.55000E-2	+6.27561E-2	+5.51510E-1	+2.08027E-2
+7.86000E-2	+7.52855E-2	+4.53244E-1	+2.73115E-2
+9.18000E-2	+8.78986E-2	+3.93124E-1	+3.27894E-2
+1.04900E-1	+1.00402E-1	+3.42389E-1	+3.75628E-2
+1.18000E-1	+1.12890E-1	+3.04471E-1	+4.15003E-2
+1.31100E-1	+1.25360E-1	+2.62128E-1	+4.51986E-2
+1.44200E-1	+1.37810E-1	+2.49692E-1	+4.84718E-2
+1.57300E-1	+1.50238E-1	+2.42062E-1	+5.14785E-2
+1.70400E-1	+1.62643E-1	+2.15817E-1	+5.41237E-2
+1.83500E-1	+1.75022E-1	+1.84842E-1	+5.66834E-2
+1.96600E-1	+1.87374E-1	+1.73779E-1	+5.90145E-2
+2.09700E-1	+1.99696E-1	+1.57910E-1	+6.11614E-2
+2.22800E-1	+2.11986E-1	+1.53714E-1	+6.30677E-2
+2.35900E-1	+2.24243E-1	+1.40744E-1	+6.48780E-2
+2.49000E-1	+2.36465E-1	+1.29147E-1	+6.65349E-2
+2.62100E-1	+2.48649E-1	+1.12515E-1	+6.81089E-2
+2.75300E-1	+2.60887E-1	+9.49675E-2	+6.95240E-2
+2.88400E-1	+2.72990E-1	+7.97087E-2	+7.08584E-2
+3.01500E-1	+2.85051E-1	+7.32237E-2	+7.20767E-2
+3.14600E-1	+2.97066E-1	+7.04772E-2	+7.32242E-2
+3.27700E-1	+3.09035E-1	+7.42918E-2	+7.42883E-2
+3.40800E-1	+3.20955E-1	+7.28423E-2	+7.53093E-2
+3.53900E-1	+3.32825E-1	+6.72728E-2	+7.62534E-2
+3.67000E-1	+3.44641E-1	+6.87224E-2	+7.71445E-2
+3.80100E-1	+3.56404E-1	+6.92564E-2	+7.79771E-2
+3.93200E-1	+3.68110E-1	+6.06352E-2	+7.87674E-2
+4.06300E-1	+3.79759E-1	+5.97197E-2	+7.94994E-2
+4.19400E-1	+3.91347E-1	+5.54472E-2	+8.02067E-2
+4.32500E-1	+4.02873E-1	+4.29350E-2	+8.08525E-2
+4.45600E-1	+4.14336E-1	+4.32402E-2	+8.14741E-2
+4.58800E-1	+4.25821E-1	+4.18669E-2	+8.20653E-2
+4.71900E-1	+4.37151E-1	+4.41557E-2	+8.26259E-2
+4.85000E-1	+4.48412E-1	+5.09459E-2	+8.31507E-2
+4.98100E-1	+4.59602E-1	+4.17143E-2	+8.36479E-2
+5.11200E-1	+4.70720E-1	+4.35454E-2	+8.41101E-2
+5.24300E-1	+4.81764E-1	+2.37853E-2	+8.45624E-2
+5.37400E-1	+4.92731E-1	+1.60796E-2	+8.50224E-2
+5.50500E-1	+5.03621E-1	+2.95073E-2	+8.54348E-2
+5.63600E-1	+5.14432E-1	+4.52239E-2	+8.58232E-2
+5.76700E-1	+5.25161E-1	+4.20958E-2	+8.61710E-2
+5.89800E-1	+5.35807E-1	+2.02757E-2	+8.65262E-2
+6.02900E-1	+5.46369E-1	+7.91612E-3	+8.68926E-2
+6.16000E-1	+5.56845E-1	+2.87444E-2	+8.72309E-2
+6.29100E-1	+5.67233E-1	+3.68315E-2	+8.75226E-2
+6.42300E-1	+5.77610E-1	+1.86736E-2	+8.78210E-2
+6.55400E-1	+5.87816E-1	+1.64610E-2	+8.81308E-2
+6.68500E-1	+5.97930E-1	+2.77525E-2	+8.83952E-2
+6.81600E-1	+6.07950E-1	+1.74529E-2	+8.86464E-2
+6.94700E-1	+6.17873E-1	+1.60033E-2	+8.89100E-2
+7.07800E-1	+6.27700E-1	+2.11913E-2	+8.91426E-2
+7.20900E-1	+6.37427E-1	+1.28752E-2	+8.93900E-2
+7.34000E-1	+6.47054E-1	+1.95891E-2	+8.96115E-2
+7.47100E-1	+6.56578E-1	+9.59458E-3	+8.98228E-2
+7.60200E-1	+6.65999E-1	+1.53166E-2	+9.00404E-2
+7.73300E-1	+6.75315E-1	+1.53166E-2	+9.02324E-2
+7.86400E-1	+6.84525E-1	+1.73003E-2	+9.04406E-2
+7.99500E-1	+6.93626E-1	+1.45537E-2	+9.06154E-2
+8.12600E-1	+7.02618E-1	+1.27989E-2	+9.07976E-2
+8.25800E-1	+7.11567E-1	+9.13682E-3	+9.09667E-2
+8.38900E-1	+7.20335E-1	+1.79106E-2	+9.11409E-2
+8.52000E-1	+7.28990E-1	+1.33330E-2	+9.13037E-2
+8.65100E-1	+7.37529E-1	+1.36382E-2	+9.14598E-2
+8.78200E-1	+7.45952E-1	+8.75535E-3	+9.16139E-2
+8.91300E-1	+7.54258E-1	+7.91612E-3	+9.17534E-2
+9.04400E-1	+7.62444E-1	+1.46300E-2	+9.18965E-2
+9.17500E-1	+7.70511E-1	+6.92430E-3	+9.20362E-2
+9.30600E-1	+7.78456E-1	+8.83164E-3	+9.21664E-2
+9.43700E-1	+7.86278E-1	+1.18071E-2	+9.22892E-2
+9.56800E-1	+7.93975E-1	+7.76353E-3	+9.24127E-2
+9.69900E-1	+8.01548E-1	+1.11205E-2	+9.25224E-2
+9.83000E-1	+8.08994E-1	+5.85618E-3	+9.26427E-2
+9.96100E-1	+8.16313E-1	+1.11968E-2	+9.27412E-2
+1.00930E+0	+8.23557E-1	+7.76353E-3	+9.28557E-2
+1.02240E+0	+8.30616E-1	+6.92430E-3	+9.29563E-2
+1.03550E+0	+8.37544E-1	+1.02049E-2	+9.30518E-2
+1.04860E+0	+8.44340E-1	+3.71995E-3	+9.31454E-2
+1.06170E+0	+8.51003E-1	+6.31394E-3	+9.32403E-2
+1.07480E+0	+8.57531E-1	+6.92430E-3	+9.33251E-2
+1.08790E+0	+8.63925E-1	+1.50742E-3	+9.34082E-2
+1.10100E+0	+8.70181E-1	+1.27854E-3	+9.34892E-2
+1.11410E+0	+8.76301E-1	+2.19407E-3	+9.35669E-2
+1.12720E+0	+8.82283E-1	+9.73367E-4	+9.36460E-2
+1.14030E+0	+8.88125E-1	+2.19407E-3	+9.37173E-2
+1.15340E+0	+8.93827E-1	+6.31394E-3	+9.37884E-2
+1.16650E+0	+8.99388E-1	+6.08506E-3	+9.38520E-2
+1.17960E+0	+9.04807E-1	+1.81260E-3	+9.39201E-2
+1.19280E+0	+9.10124E-1	+6.31394E-3	+9.39812E-2
+1.20590E+0	+9.15256E-1	+5.09324E-3	+9.40393E-2
+1.21900E+0	+9.20243E-1	+3.26219E-3	+9.40990E-2
+1.23210E+0	+9.25086E-1	-7.05099E-4	+9.41488E-2
+1.24520E+0	+9.29782E-1	+4.71177E-3	+9.42064E-2
+1.25830E+0	+9.34332E-1	+1.73631E-3	+9.42521E-2
+1.27140E+0	+9.38734E-1	-9.47479E-5	+9.42991E-2
+1.28450E+0	+9.42989E-1	-4.76218E-4	+9.43457E-2
+1.29760E+0	+9.47094E-1	+4.02513E-3	+9.43935E-2
+1.31070E+0	+9.51051E-1	+2.19407E-3	+9.44271E-2
+1.32380E+0	+9.54857E-1	-2.23098E-3	+9.44713E-2
+1.33690E+0	+9.58512E-1	+2.49925E-3	+9.45049E-2
+1.35000E+0	+9.62017E-1	+8.37388E-3	+9.45381E-2
+1.36310E+0	+9.65369E-1	-9.47479E-5	+9.45738E-2
+1.37630E+0	+9.68594E-1	-2.99392E-3	+9.46003E-2
+1.38940E+0	+9.71640E-1	-3.45168E-3	+9.46293E-2
+1.40250E+0	+9.74533E-1	-2.07839E-3	+9.46575E-2
+1.41560E+0	+9.77273E-1	+9.51829E-3	+9.46840E-2
+1.42870E+0	+9.79858E-1	-7.26638E-3	+9.47051E-2
+1.44180E+0	+9.82289E-1	-7.05099E-4	+9.47188E-2
+1.45490E+0	+9.84564E-1	+1.03575E-2	+9.47413E-2
+1.46800E+0	+9.86685E-1	-1.71042E-4	+9.47500E-2
+1.48110E+0	+9.88650E-1	-1.84540E-5	+9.47744E-2
+1.49420E+0	+9.90459E-1	-1.16286E-3	+9.47763E-2
+1.50730E+0	+9.92111E-1	-8.57687E-4	+9.47832E-2
+1.52040E+0	+9.93608E-1	+9.73367E-4	+9.47918E-2
+1.53350E+0	+9.94947E-1	-2.47336E-4	+9.48001E-2
+1.54660E+0	+9.96129E-1	+9.51829E-3	+9.48111E-2
+1.55980E+0	+9.97162E-1	+1.50742E-3	+9.48121E-2
+1.57290E+0	+9.98029E-1	-3.45168E-3	+9.48059E-2
+1.58600E+0	+9.98738E-1	+1.12596E-3	+9.48057E-2
+1.59910E+0	+9.99290E-1	+1.81260E-3	+9.48101E-2
+1.61220E+0	+9.99685E-1	-4.67238E-3	+9.47977E-2
+1.62530E+0	+9.99921E-1	-1.31545E-3	+9.47969E-2
+1.63840E+0	+1.00000E+0	-2.30727E-3	+9.47852E-2
+1.65150E+0	+9.99921E-1	+2.86722E-4	+9.47752E-2
+1.66460E+0	+9.99685E-1	+4.63548E-3	+9.47628E-2
+1.67770E+0	+9.99290E-1	-3.98574E-3	+9.47518E-2
+1.69080E+0	+9.98738E-1	+2.88072E-3	+9.47381E-2
+1.70390E+0	+9.98029E-1	-8.10561E-3	+9.47249E-2
+1.71700E+0	+9.97162E-1	-2.07839E-3	+9.47068E-2
+1.73020E+0	+9.96129E-1	+6.68192E-4	+9.47003E-2
+1.74330E+0	+9.94947E-1	+8.20779E-4	+9.46803E-2
+1.75640E+0	+9.93608E-1	-1.32173E-2	+9.46607E-2
+1.76950E+0	+9.92111E-1	-1.08657E-3	+9.46419E-2
+1.78260E+0	+9.90459E-1	-2.45986E-3	+9.46227E-2
+1.79570E+0	+9.88650E-1	+1.35484E-3	+9.46096E-2
+1.80880E+0	+9.86685E-1	-4.51980E-3	+9.45814E-2
+1.82190E+0	+9.84564E-1	-4.67238E-3	+9.45654E-2
+1.83500E+0	+9.82289E-1	-8.94485E-3	+9.45445E-2
+1.84810E+0	+9.79858E-1	-1.68031E-2	+9.45156E-2
+1.86120E+0	+9.77273E-1	+2.19407E-3	+9.44819E-2
+1.87430E+0	+9.74533E-1	+5.55100E-3	+9.44792E-2
+1.88740E+0	+9.71640E-1	-3.29909E-3	+9.44401E-2
+1.90050E+0	+9.68594E-1	+3.71995E-3	+9.44099E-2
+1.91370E+0	+9.65369E-1	+3.63016E-4	+9.43876E-2
+1.92680E+0	+9.62017E-1	-4.59609E-3	+9.43540E-2
+1.93990E+0	+9.58512E-1	-2.23098E-3	+9.43242E-2
+1.95300E+0	+9.54857E-1	+1.12596E-3	+9.42900E-2
+1.96610E+0	+9.51051E-1	+3.63016E-4	+9.42553E-2
+1.97920E+0	+9.47094E-1	+1.27854E-3	+9.42216E-2
+1.99230E+0	+9.42989E-1	-4.36721E-3	+9.41836E-2
+2.00540E+0	+9.38734E-1	-9.33981E-4	+9.41474E-2
+2.01850E+0	+9.34332E-1	-2.23098E-3	+9.41110E-2
+2.03160E+0	+9.29782E-1	-3.14651E-3	+9.40725E-2
+2.04470E+0	+9.25086E-1	-4.67238E-3	+9.40278E-2
+2.05780E+0	+9.20243E-1	-1.00893E-2	+9.39838E-2
+2.07090E+0	+9.15256E-1	-7.95302E-3	+9.39352E-2
+2.08400E+0	+9.10124E-1	+5.91898E-4	+9.38877E-2
+2.09720E+0	+9.04807E-1	-7.80044E-3	+9.38453E-2
+2.11030E+0	+8.99388E-1	-2.23098E-3	+9.37943E-2
+2.12340E+0	+8.93827E-1	-4.59609E-3	+9.37414E-2
+2.13650E+0	+8.88125E-1	-7.64785E-3	+9.36882E-2
+2.14960E+0	+8.82283E-1	-4.74868E-3	+9.36346E-2
+2.16270E+0	+8.76301E-1	-4.82497E-3	+9.35775E-2
+2.17580E+0	+8.70181E-1	-3.37539E-3	+9.35197E-2
+2.18890E+0	+8.63925E-1	-5.35903E-3	+9.34598E-2
+2.20200E+0	+8.57531E-1	-5.66421E-3	+9.33985E-2
+2.21510E+0	+8.51003E-1	-4.36721E-3	+9.33309E-2
+2.22820E+0	+8.44340E-1	-3.98574E-3	+9.32642E-2
+2.24130E+0	+8.37544E-1	-4.29091E-3	+9.31963E-2
+2.25440E+0	+8.30616E-1	-7.11379E-3	+9.31250E-2
+2.26750E+0	+8.23557E-1	-4.51980E-3	+9.30496E-2
+2.28070E+0	+8.16313E-1	-9.78408E-3	+9.29738E-2
+2.29380E+0	+8.08994E-1	-5.51162E-3	+9.28950E-2
+2.30690E+0	+8.01548E-1	-6.19826E-3	+9.28166E-2
+2.32000E+0	+7.93975E-1	-8.79226E-3	+9.27331E-2
+2.33310E+0	+7.86278E-1	-5.28274E-3	+9.26502E-2
+2.34620E+0	+7.78456E-1	-4.74868E-3	+9.25577E-2
+2.35930E+0	+7.70511E-1	-8.79226E-3	+9.24713E-2
+2.37240E+0	+7.62444E-1	-2.07839E-3	+9.23704E-2
+2.38550E+0	+7.54258E-1	-1.08522E-2	+9.22679E-2
+2.39860E+0	+7.45952E-1	-9.09743E-3	+9.21782E-2
+2.41170E+0	+7.37529E-1	-1.62063E-3	+9.20676E-2
+2.42480E+0	+7.28990E-1	-6.04568E-3	+9.19551E-2
+2.43790E+0	+7.20335E-1	-1.26070E-2	+9.18494E-2
+2.45100E+0	+7.11567E-1	-9.47890E-3	+9.17326E-2
+2.46420E+0	+7.02618E-1	-1.41328E-2	+9.16133E-2
+2.47730E+0	+6.93626E-1	-1.00893E-2	+9.14907E-2
+2.49040E+0	+6.84525E-1	-9.09743E-3	+9.13683E-2
+2.50350E+0	+6.75315E-1	-1.00893E-2	+9.12321E-2
+2.51660E+0	+6.65999E-1	-1.21492E-2	+9.10961E-2
+2.52970E+0	+6.56578E-1	-9.86037E-3	+9.09473E-2
+2.54280E+0	+6.47054E-1	-1.19966E-2	+9.08105E-2
+2.55590E+0	+6.37427E-1	-1.33699E-2	+9.06555E-2
+2.56900E+0	+6.27700E-1	-8.63967E-3	+9.04940E-2
+2.58210E+0	+6.17873E-1	-1.25307E-2	+9.03404E-2
+2.59520E+0	+6.07950E-1	-1.72609E-2	+9.01617E-2
+2.60830E+0	+5.97930E-1	-1.61165E-2	+8.99970E-2
+2.62140E+0	+5.87816E-1	-8.94485E-3	+8.98178E-2
+2.63450E+0	+5.77610E-1	-1.25307E-2	+8.96259E-2
+2.64770E+0	+5.67233E-1	-1.77949E-2	+8.94322E-2
+2.66080E+0	+5.56845E-1	-1.31410E-2	+8.92307E-2
+2.67390E+0	+5.46369E-1	-1.72609E-2	+8.90169E-2
+2.68700E+0	+5.35807E-1	-1.94734E-2	+8.88040E-2
+2.70010E+0	+5.25161E-1	-2.03889E-2	+8.85817E-2
+2.71320E+0	+5.14432E-1	-1.55061E-2	+8.83458E-2
+2.72630E+0	+5.03621E-1	-1.55061E-2	+8.80904E-2
+2.73940E+0	+4.92731E-1	-2.51192E-2	+8.78383E-2
+2.75250E+0	+4.81764E-1	-2.61873E-2	+8.75816E-2
+2.76560E+0	+4.70720E-1	-1.88631E-2	+8.73098E-2
+2.77870E+0	+4.59602E-1	-8.79226E-3	+8.70103E-2
+2.79180E+0	+4.48412E-1	-2.13045E-2	+8.66993E-2
+2.80490E+0	+4.37151E-1	-3.50374E-2	+8.63867E-2
+2.81800E+0	+4.25821E-1	-4.09883E-2	+8.60697E-2
+2.83120E+0	+4.14336E-1	-3.25960E-2	+8.57409E-2
+2.84430E+0	+4.02873E-1	-1.50484E-2	+8.53795E-2
+2.85740E+0	+3.91347E-1	-8.25820E-3	+8.49896E-2
+2.87050E+0	+3.79759E-1	-2.20674E-2	+8.45617E-2
+2.88360E+0	+3.68110E-1	-4.15987E-2	+8.41458E-2
+2.89670E+0	+3.56404E-1	-5.22798E-2	+8.37169E-2
+2.90980E+0	+3.44641E-1	-4.67866E-2	+8.32612E-2
+2.92290E+0	+3.32825E-1	-4.54896E-2	+8.27594E-2
+2.93600E+0	+3.20955E-1	-4.16749E-2	+8.22352E-2
+2.94910E+0	+3.09035E-1	-4.38875E-2	+8.16838E-2
+2.96220E+0	+2.97066E-1	-4.15224E-2	+8.10910E-2
+2.97530E+0	+2.85051E-1	-4.48030E-2	+8.04650E-2
+2.98840E+0	+2.72990E-1	-4.98384E-2	+7.97940E-2
+3.00150E+0	+2.60887E-1	-4.98384E-2	+7.90693E-2
+3.01470E+0	+2.48649E-1	-5.55604E-2	+7.82983E-2
+3.02780E+0	+2.36465E-1	-5.57893E-2	+7.74710E-2
+3.04090E+0	+2.24243E-1	-6.71571E-2	+7.65889E-2
+3.05400E+0	+2.11986E-1	-6.99800E-2	+7.56228E-2
+3.06710E+0	+1.99696E-1	-6.79201E-2	+7.46200E-2
+3.08020E+0	+1.87374E-1	-8.02034E-2	+7.35044E-2
+3.09330E+0	+1.75022E-1	-8.34840E-2	+7.22899E-2
+3.10640E+0	+1.62643E-1	-9.04268E-2	+7.09746E-2
+3.11950E+0	+1.50238E-1	-9.39363E-2	+6.95792E-2
+3.13260E+0	+1.37810E-1	-1.02939E-1	+6.79940E-2
+3.14570E+0	+1.25360E-1	-1.18198E-1	+6.63051E-2
+3.15880E+0	+1.12890E-1	-1.40399E-1	+6.44374E-2
+3.17190E+0	+1.00402E-1	-1.63211E-1	+6.24407E-2
+3.18500E+0	+8.78986E-2	-1.96781E-1	+6.02113E-2
+3.19820E+0	+7.52855E-2	-2.12879E-1	+5.77587E-2
+3.21130E+0	+6.27561E-2	-2.26230E-1	+5.49949E-2
+3.22440E+0	+5.02167E-2	-2.42099E-1	+5.18973E-2
+3.23750E+0	+3.76695E-2	-3.00159E-1	+4.82724E-2
+3.25060E+0	+2.51163E-2	-3.32279E-1	+4.41940E-2
+3.26370E+0	+1.25591E-2	-4.25968E-1	+3.91349E-2
+3.27680E+0	+4.48686E-15	-5.14621E-1	+3.30543E-2
+3.28990E+0	-1.25591E-2	-7.07034E-1	+2.48269E-2
+3.30300E+0	-2.51163E-2	-7.02457E-1	+1.55922E-2
+3.31610E+0	-3.76695E-2	-6.96582E-1	+6.42561E-3
+3.32920E+0	-5.02167E-2	-6.88114E-1	-2.64755E-3
+3.34230E+0	-6.27561E-2	-6.76898E-1	-1.15937E-2
+3.35540E+0	-7.52855E-2	-6.62937E-1	-2.03745E-2
+3.36860E+0	-8.78986E-2	-1.20029E-1	-2.60945E-2
+3.38170E+0	-1.00402E-1	-4.05368E-1	-3.04858E-2
+3.39480E+0	-1.12890E-1	-3.01532E-1	-3.37515E-2
+3.40790E+0	-1.25360E-1	-1.80683E-1	-3.74133E-2
+3.42100E+0	-1.37810E-1	-2.13565E-1	-4.06460E-2
+3.43410E+0	-1.50238E-1	-2.52704E-1	-4.32870E-2
+3.44720E+0	-1.62643E-1	-2.00824E-1	-4.58018E-2
+3.46030E+0	-1.75022E-1	-1.67636E-1	-4.81660E-2
+3.47340E+0	-1.87374E-1	-1.41086E-1	-5.03740E-2
+3.48650E+0	-1.99696E-1	-1.48563E-1	-5.23650E-2
+3.49960E+0	-2.11986E-1	-1.39942E-1	-5.42524E-2
+3.51270E+0	-2.24243E-1	-1.42764E-1	-5.59789E-2
+3.52580E+0	-2.36465E-1	-1.32770E-1	-5.75775E-2
+3.53890E+0	-2.48649E-1	-1.38645E-1	-5.90700E-2
+3.55210E+0	-2.60887E-1	-1.24988E-1	-6.04786E-2
+3.56520E+0	-2.72990E-1	-1.16062E-1	-6.17660E-2
+3.57830E+0	-2.85051E-1	-9.40126E-2	-6.29631E-2
+3.59140E+0	-2.97066E-1	-9.06557E-2	-6.40492E-2
+3.60450E+0	-3.09035E-1	-8.40181E-2	-6.51054E-2
+3.61760E+0	-3.20955E-1	-8.33314E-2	-6.60821E-2
+3.63070E+0	-3.32825E-1	-7.60835E-2	-6.70060E-2
+3.64380E+0	-3.44641E-1	-7.57020E-2	-6.78553E-2
+3.65690E+0	-3.56404E-1	-6.27321E-2	-6.86852E-2
+3.67000E+0	-3.68110E-1	-6.14351E-2	-6.94430E-2
+3.68310E+0	-3.79759E-1	-5.47212E-2	-7.01746E-2
+3.69620E+0	-3.91347E-1	-4.14461E-2	-7.08539E-2
+3.70930E+0	-4.02873E-1	-4.83888E-2	-7.15215E-2
+3.72240E+0	-4.14336E-1	-4.12172E-2	-7.21491E-2
+3.73560E+0	-4.25821E-1	-5.23561E-2	-7.27501E-2
+3.74870E+0	-4.37151E-1	-4.76259E-2	-7.32958E-2
+3.76180E+0	-4.48412E-1	-4.93806E-2	-7.38233E-2
+3.77490E+0	-4.59602E-1	-3.32063E-2	-7.43393E-2
+3.78800E+0	-4.70720E-1	-2.77132E-2	-7.48200E-2
+3.80110E+0	-4.81764E-1	-2.03889E-2	-7.52912E-2
+3.81420E+0	-4.92731E-1	-3.62581E-2	-7.57449E-2
+3.82730E+0	-5.03621E-1	-5.34242E-2	-7.61490E-2
+3.84040E+0	-5.14432E-1	-4.36586E-2	-7.65263E-2
+3.85350E+0	-5.25161E-1	-1.74135E-2	-7.69095E-2
+3.86660E+0	-5.35807E-1	-7.95302E-3	-7.72994E-2
+3.87970E+0	-5.46369E-1	-2.97731E-2	-7.76762E-2
+3.89280E+0	-5.56845E-1	-4.03017E-2	-7.79909E-2
+3.90590E+0	-5.67233E-1	-2.21437E-2	-7.82995E-2
+3.91910E+0	-5.77610E-1	-1.42091E-2	-7.86339E-2
+3.93220E+0	-5.87816E-1	-2.85524E-2	-7.89282E-2
+3.94530E+0	-5.97930E-1	-2.27540E-2	-7.92109E-2
+3.95840E+0	-6.07950E-1	-1.79475E-2	-7.94983E-2
+3.97150E+0	-6.17873E-1	-2.49666E-2	-7.97719E-2
+3.98460E+0	-6.27700E-1	-1.37514E-2	-8.00196E-2
+3.99770E+0	-6.37427E-1	-1.88631E-2	-8.02826E-2
+4.01080E+0	-6.47054E-1	-2.22200E-2	-8.05193E-2
+4.02390E+0	-6.56578E-1	-1.39040E-2	-8.07544E-2
+4.03700E+0	-6.65999E-1	-2.10756E-2	-8.09838E-2
+4.05010E+0	-6.75315E-1	-1.30647E-2	-8.12007E-2
+4.06320E+0	-6.84525E-1	-1.97786E-2	-8.14014E-2
+4.07630E+0	-6.93626E-1	-1.36751E-2	-8.16115E-2
+4.08940E+0	-7.02618E-1	-1.65742E-2	-8.18112E-2
+4.10260E+0	-7.11567E-1	-9.09743E-3	-8.20052E-2
+4.11570E+0	-7.20335E-1	-1.76424E-2	-8.21833E-2
+4.12880E+0	-7.28990E-1	-1.32936E-2	-8.23638E-2
+4.14190E+0	-7.37529E-1	-1.54298E-2	-8.25355E-2
+4.15500E+0	-7.45952E-1	-1.48958E-2	-8.27109E-2
+4.16810E+0	-7.54258E-1	-1.19203E-2	-8.28743E-2
+4.18120E+0	-7.62444E-1	-1.41328E-2	-8.30267E-2
+4.19430E+0	-7.70511E-1	-1.13863E-2	-8.31843E-2
+4.20740E+0	-7.78456E-1	-1.45906E-2	-8.33327E-2
+4.22050E+0	-7.86278E-1	-1.03181E-2	-8.34734E-2
+4.23360E+0	-7.93975E-1	-8.56338E-3	-8.36186E-2
+4.24670E+0	-8.01548E-1	-1.37514E-2	-8.37501E-2
+4.25980E+0	-8.08994E-1	-1.03944E-2	-8.38921E-2
+4.27290E+0	-8.16313E-1	-7.26638E-3	-8.40102E-2
+4.28610E+0	-8.23557E-1	-1.00893E-2	-8.41429E-2
+4.29920E+0	-8.30616E-1	-5.58791E-3	-8.42571E-2
+4.31230E+0	-8.37544E-1	-1.21492E-2	-8.43781E-2
+4.32540E+0	-8.44340E-1	-9.78408E-3	-8.44991E-2
+4.33850E+0	-8.51003E-1	-6.96120E-3	-8.46087E-2
+4.35160E+0	-8.57531E-1	-8.02932E-3	-8.47102E-2
+4.36470E+0	-8.63925E-1	-7.26638E-3	-8.48179E-2
+4.37780E+0	-8.70181E-1	-7.49526E-3	-8.49181E-2
+4.39090E+0	-8.76301E-1	-5.20644E-3	-8.50126E-2
+4.40400E+0	-8.82283E-1	-1.03181E-2	-8.51082E-2
+4.41710E+0	-8.88125E-1	-6.65603E-3	-8.52016E-2
+4.43020E+0	-8.93827E-1	-4.97756E-3	-8.52893E-2
+4.44330E+0	-8.99388E-1	-3.75686E-3	-8.53791E-2
+4.45640E+0	-9.04807E-1	-1.11574E-2	-8.54647E-2
+4.46960E+0	-9.10124E-1	-9.40261E-3	-8.55440E-2
+4.48270E+0	-9.15256E-1	-2.23098E-3	-8.56187E-2
+4.49580E+0	-9.20243E-1	-1.09285E-2	-8.56985E-2
+4.50890E+0	-9.25086E-1	-3.83315E-3	-8.57732E-2
+4.52200E+0	-9.29782E-1	-2.45986E-3	-8.58451E-2
+4.53510E+0	-9.34332E-1	-4.90127E-3	-8.59157E-2
+4.54820E+0	-9.38734E-1	-6.80862E-3	-8.59824E-2
+4.56130E+0	-9.42989E-1	-9.55520E-3	-8.60459E-2
+4.57440E+0	-9.47094E-1	-3.14651E-3	-8.61033E-2
+4.58750E+0	-9.51051E-1	-9.47479E-5	-8.61671E-2
+4.60060E+0	-9.54857E-1	-2.61245E-3	-8.62247E-2
+4.61370E+0	-9.58512E-1	-2.53615E-3	-8.62809E-2
+4.62680E+0	-9.62017E-1	-3.90945E-3	-8.63308E-2
+4.63990E+0	-9.65369E-1	-3.37539E-3	-8.63856E-2
+4.65310E+0	-9.68594E-1	-1.84951E-3	-8.64304E-2
+4.66620E+0	-9.71640E-1	+1.27854E-3	-8.64780E-2
+4.67930E+0	-9.74533E-1	-4.76218E-4	-8.65255E-2
+4.69240E+0	-9.77273E-1	-1.30647E-2	-8.65684E-2
+4.70550E+0	-9.79858E-1	+8.06870E-3	-8.66183E-2
+4.71860E+0	-9.82289E-1	-1.54433E-3	-8.66472E-2
+4.73170E+0	-9.84564E-1	-1.16914E-2	-8.66906E-2
+4.74480E+0	-9.86685E-1	-6.19826E-3	-8.67227E-2
+4.75790E+0	-9.88650E-1	-3.68056E-3	-8.67637E-2
+4.77100E+0	-9.90459E-1	-1.71042E-4	-8.67873E-2
+4.78410E+0	-9.92111E-1	-3.68056E-3	-8.68181E-2
+4.79720E+0	-9.93608E-1	-4.36721E-3	-8.68477E-2
+4.81030E+0	-9.94947E-1	-1.77321E-3	-8.68703E-2
+4.82340E+0	-9.96129E-1	-1.23781E-2	-8.69014E-2
+4.83660E+0	-9.97162E-1	-3.14651E-3	-8.69215E-2
+4.84970E+0	-9.98029E-1	+2.95701E-3	-8.69403E-2
+4.86280E+0	-9.98738E-1	-2.53615E-3	-8.69542E-2
+4.87590E+0	-9.99290E-1	-2.53615E-3	-8.69785E-2
+4.88900E+0	-9.99685E-1	+5.15604E-4	-8.69868E-2
+4.90210E+0	-9.99921E-1	-1.16286E-3	-8.70041E-2
+4.91520E+0	-1.00000E+0	+2.80442E-3	-8.70131E-2
+4.92830E+0	-9.99921E-1	-1.92580E-3	-8.70234E-2
+4.94140E+0	-9.99685E-1	-6.19826E-3	-8.70321E-2
+4.95450E+0	-9.99290E-1	+2.04148E-3	-8.70428E-2
+4.96760E+0	-9.98738E-1	-4.36721E-3	-8.70467E-2
+4.98070E+0	-9.98029E-1	+2.88072E-3	-8.70561E-2
+4.99380E+0	-9.97162E-1	+3.71995E-3	-8.70567E-2
+5.00700E+0	-9.96129E-1	-4.59609E-3	-8.70689E-2
+5.02010E+0	-9.94947E-1	-3.14651E-3	-8.70738E-2
+5.03320E+0	-9.93608E-1	+1.31804E-2	-8.70726E-2
+5.04630E+0	-9.92111E-1	-3.75686E-3	-8.70729E-2
+5.05940E+0	-9.90459E-1	+8.20779E-4	-8.70769E-2
+5.07250E+0	-9.88650E-1	-3.99924E-4	-8.70789E-2
+5.08560E+0	-9.86685E-1	+4.10142E-3	-8.70723E-2
+5.09870E+0	-9.84564E-1	+2.34666E-3	-8.70791E-2
+5.11180E+0	-9.82289E-1	+8.52647E-3	-8.70769E-2
+5.12490E+0	-9.79858E-1	+1.46300E-2	-8.70668E-2
+5.13800E+0	-9.77273E-1	-5.28274E-3	-8.70479E-2
+5.15110E+0	-9.74533E-1	-9.86037E-3	-8.70686E-2
+5.16420E+0	-9.71640E-1	+3.10960E-3	-8.70522E-2
+5.17730E+0	-9.68594E-1	-3.14651E-3	-8.70406E-2
+5.19050E+0	-9.65369E-1	-1.62063E-3	-8.70387E-2
+5.20360E+0	-9.62017E-1	+4.25401E-3	-8.70253E-2
+5.21670E+0	-9.58512E-1	-9.47479E-5	-8.70167E-2
+5.22980E+0	-9.54857E-1	-6.28806E-4	-8.70055E-2
+5.24290E+0	-9.51051E-1	-3.23630E-4	-8.69896E-2
+5.25600E+0	-9.47094E-1	+4.33030E-3	-8.69745E-2
+5.26910E+0	-9.42989E-1	+1.27854E-3	-8.69603E-2
+5.28220E+0	-9.38734E-1	-2.07839E-3	-8.69425E-2
+5.29530E+0	-9.34332E-1	-7.05099E-4	-8.69198E-2
+5.30840E+0	-9.29782E-1	+8.20779E-4	-8.68986E-2
+5.32150E+0	-9.25086E-1	-2.38357E-3	-8.68765E-2
+5.33460E+0	-9.20243E-1	-1.62063E-3	-8.68560E-2
+5.34770E+0	-9.15256E-1	-2.00210E-3	-8.68331E-2
+5.36080E+0	-9.10124E-1	+7.53465E-3	-8.68078E-2
+5.37400E+0	-9.04807E-1	+2.65183E-3	-8.67759E-2
+5.38710E+0	-8.99388E-1	+7.83982E-3	-8.67485E-2
+5.40020E+0	-8.93827E-1	-1.84540E-5	-8.67184E-2
+5.41330E+0	-8.88125E-1	+1.73631E-3	-8.66835E-2
+5.42640E+0	-8.82283E-1	-3.23630E-4	-8.66479E-2
+5.43950E+0	-8.76301E-1	+2.42295E-3	-8.66084E-2
+5.45260E+0	-8.70181E-1	+3.26219E-3	-8.65721E-2
+5.46570E+0	-8.63925E-1	+3.94883E-3	-8.65307E-2
+5.47880E+0	-8.57531E-1	+3.03330E-3	-8.64916E-2
+5.49190E+0	-8.51003E-1	-9.33981E-4	-8.64485E-2
+5.50500E+0	-8.44340E-1	+6.08506E-3	-8.64045E-2
+5.51810E+0	-8.37544E-1	+4.63548E-3	-8.63536E-2
+5.53120E+0	-8.30616E-1	+4.63548E-3	-8.63011E-2
+5.54430E+0	-8.23557E-1	-3.99924E-4	-8.62516E-2
+5.55750E+0	-8.16313E-1	+2.34666E-3	-8.61919E-2
+5.57060E+0	-8.08994E-1	+2.88072E-3	-8.61335E-2
+5.58370E+0	-8.01548E-1	+5.85618E-3	-8.60752E-2
+5.59680E+0	-7.93975E-1	+7.22947E-3	-8.60079E-2
+5.60990E+0	-7.86278E-1	+5.55100E-3	-8.59451E-2
+5.62300E+0	-7.78456E-1	+5.70359E-3	-8.58729E-2
+5.63610E+0	-7.70511E-1	+9.67088E-3	-8.58072E-2
+5.64920E+0	-7.62444E-1	+2.11778E-3	-8.57325E-2
+5.66230E+0	-7.54258E-1	+8.75535E-3	-8.56524E-2
+5.67540E+0	-7.45952E-1	+1.04338E-2	-8.55792E-2
+5.68850E+0	-7.37529E-1	+2.19407E-3	-8.54917E-2
+5.70160E+0	-7.28990E-1	+4.63548E-3	-8.54010E-2
+5.71470E+0	-7.20335E-1	+8.45017E-3	-8.53130E-2
+5.72780E+0	-7.11567E-1	+1.11968E-2	-8.52190E-2
+5.74100E+0	-7.02618E-1	+8.75535E-3	-8.51210E-2
+5.75410E+0	-6.93626E-1	+7.22947E-3	-8.50184E-2
+5.76720E+0	-6.84525E-1	+1.03575E-2	-8.49112E-2
+5.78030E+0	-6.75315E-1	+7.99241E-3	-8.48024E-2
+5.79340E+0	-6.65999E-1	+1.08916E-2	-8.46872E-2
+5.80650E+0	-6.56578E-1	+9.74717E-3	-8.45640E-2
+5.81960E+0	-6.47054E-1	+1.08916E-2	-8.44398E-2
+5.83270E+0	-6.37427E-1	+7.15318E-3	-8.43098E-2
+5.84580E+0	-6.27700E-1	+6.31394E-3	-8.41730E-2
+5.85890E+0	-6.17873E-1	+1.72240E-2	-8.40350E-2
+5.87200E+0	-6.07950E-1	+8.75535E-3	-8.38800E-2
+5.88510E+0	-5.97930E-1	+1.37908E-2	-8.37296E-2
+5.89820E+0	-5.87816E-1	+1.20360E-2	-8.35707E-2
+5.91130E+0	-5.77610E-1	+1.13493E-2	-8.34075E-2
+5.92450E+0	-5.67233E-1	+1.56218E-2	-8.32275E-2
+5.93760E+0	-5.56845E-1	+1.59270E-2	-8.30564E-2
+5.95070E+0	-5.46369E-1	+1.30278E-2	-8.28661E-2
+5.96380E+0	-5.35807E-1	+1.63085E-2	-8.26574E-2
+5.97690E+0	-5.25161E-1	+1.76817E-2	-8.24614E-2
+5.99000E+0	-5.14432E-1	+1.76054E-2	-8.22546E-2
+6.00310E+0	-5.03621E-1	+9.97605E-3	-8.20290E-2
+6.01620E+0	-4.92731E-1	+1.47063E-2	-8.17856E-2
+6.02930E+0	-4.81764E-1	+2.37853E-2	-8.15436E-2
+6.04240E+0	-4.70720E-1	+2.67607E-2	-8.13043E-2
+6.05550E+0	-4.59602E-1	+1.34856E-2	-8.10401E-2
+6.06860E+0	-4.48412E-1	+8.45017E-3	-8.07510E-2
+6.08170E+0	-4.37151E-1	+1.37908E-2	-8.04321E-2
+6.09480E+0	-4.25821E-1	+2.90495E-2	-8.01256E-2
+6.10800E+0	-4.14336E-1	+4.58342E-2	-7.98079E-2
+6.12110E+0	-4.02873E-1	+4.31639E-2	-7.94931E-2
+6.13420E+0	-3.91347E-1	+2.27934E-2	-7.91351E-2
+6.14730E+0	-3.79759E-1	+7.45835E-3	-7.87494E-2
+6.16040E+0	-3.68110E-1	+1.60796E-2	-7.83339E-2
+6.17350E+0	-3.56404E-1	+3.37035E-2	-7.79096E-2
+6.18660E+0	-3.44641E-1	+4.67497E-2	-7.74752E-2
+6.19970E+0	-3.32825E-1	+4.46898E-2	-7.70154E-2
+6.21280E+0	-3.20955E-1	+4.94963E-2	-7.65165E-2
+6.22590E+0	-3.09035E-1	+5.38451E-2	-7.59908E-2
+6.23900E+0	-2.97066E-1	+4.98015E-2	-7.54209E-2
+6.25210E+0	-2.85051E-1	+5.29295E-2	-7.48216E-2
+6.26520E+0	-2.72990E-1	+5.36925E-2	-7.41872E-2
+6.27830E+0	-2.60887E-1	+5.46843E-2	-7.35070E-2
+6.29150E+0	-2.48649E-1	+6.70439E-2	-7.27505E-2
+6.30460E+0	-2.36465E-1	+5.78887E-2	-7.19558E-2
+6.31770E+0	-2.24243E-1	+7.47496E-2	-7.11011E-2
+6.33080E+0	-2.11986E-1	+7.31474E-2	-7.01677E-2
+6.34390E+0	-1.99696E-1	+8.31419E-2	-6.91597E-2
+6.35700E+0	-1.87374E-1	+8.48967E-2	-6.80938E-2
+6.37010E+0	-1.75022E-1	+8.98558E-2	-6.69242E-2
+6.38320E+0	-1.62643E-1	+9.26787E-2	-6.56702E-2
+6.39630E+0	-1.50238E-1	+1.08243E-1	-6.42999E-2
+6.40940E+0	-1.37810E-1	+1.06412E-1	-6.27862E-2
+6.42250E+0	-1.25360E-1	+1.16559E-1	-6.11342E-2
+6.43560E+0	-1.12890E-1	+1.20450E-1	-5.93169E-2
+6.44870E+0	-1.00402E-1	+1.37768E-1	-5.72746E-2
+6.46180E+0	-8.78986E-2	+1.47992E-1	-5.50955E-2
+6.47500E+0	-7.52855E-2	+1.76602E-1	-5.26253E-2
+6.48810E+0	-6.27561E-2	+2.04983E-1	-4.99202E-2
+6.50120E+0	-5.02167E-2	+2.45953E-1	-4.68217E-2
+6.51430E+0	-3.76695E-2	+2.66324E-1	-4.33642E-2
+6.52740E+0	-2.51163E-2	+3.32089E-1	-3.92569E-2
+6.54050E+0	-1.25591E-2	+3.98999E-1	-3.44172E-2
+6.55360E+0	-7.75427E-15	+5.32590E-1	-2.83808E-2
+6.56670E+0	+1.25591E-2	+6.30627E-1	-2.07842E-2
+6.57980E+0	+2.51163E-2	+6.65723E-1	-1.20697E-2
+6.59290E+0	+3.76695E-2	+6.60916E-1	-3.37848E-3
+6.60600E+0	+5.02167E-2	+6.54050E-1	+5.23659E-3
+6.61910E+0	+6.27561E-2	+6.45428E-1	+1.37512E-2
+6.63220E+0	+7.52855E-2	+6.34442E-1	+2.21381E-2
+6.64540E+0	+8.78986E-2	+6.20404E-1	+3.04244E-2
+6.65850E+0	+1.00402E-1	+4.86508E-1	+3.83003E-2
+6.67160E+0	+1.12890E-1	+3.64590E-1	+4.12709E-2
+6.68470E+0	+1.25360E-1	+1.59283E-1	+4.54244E-2
+6.69780E+0	+1.37810E-1	+2.53354E-1	+4.89049E-2
+6.71090E+0	+1.50238E-1	+2.89899E-1	+5.17475E-2
+6.72400E+0	+1.62643E-1	+2.30771E-1	+5.43425E-2
+6.73710E+0	+1.75022E-1	+1.80340E-1	+5.69220E-2
+6.75020E+0	+1.87374E-1	+1.63937E-1	+5.92870E-2
+6.76330E+0	+1.99696E-1	+1.49213E-1	+6.14415E-2
+6.77640E+0	+2.11986E-1	+1.45856E-1	+6.33655E-2
+6.78950E+0	+2.24243E-1	+1.35632E-1	+6.51760E-2
+6.80260E+0	+2.36465E-1	+1.23120E-1	+6.68250E-2
+6.81570E+0	+2.48649E-1	+1.09158E-1	+6.83860E-2
+6.82890E+0	+2.60887E-1	+9.34416E-2	+6.97981E-2
+6.84200E+0	+2.72990E-1	+7.98613E-2	+7.11314E-2
+6.85510E+0	+2.85051E-1	+7.16216E-2	+7.23480E-2
+6.86820E+0	+2.97066E-1	+6.81883E-2	+7.34874E-2
+6.88130E+0	+3.09035E-1	+7.52837E-2	+7.45452E-2
+6.89440E+0	+3.20955E-1	+7.33000E-2	+7.55676E-2
+6.90750E+0	+3.32825E-1	+6.86461E-2	+7.65010E-2
+6.92060E+0	+3.44641E-1	+7.07823E-2	+7.73993E-2
+6.93370E+0	+3.56404E-1	+6.70439E-2	+7.82206E-2
+6.94680E+0	+3.68110E-1	+6.27715E-2	+7.90033E-2
+6.95990E+0	+3.79759E-1	+5.60576E-2	+7.97369E-2
+6.97300E+0	+3.91347E-1	+5.39214E-2	+8.04376E-2
+6.98610E+0	+4.02873E-1	+4.81230E-2	+8.10801E-2
+6.99920E+0	+4.14336E-1	+3.69841E-2	+8.17001E-2
+7.01240E+0	+4.25821E-1	+4.09514E-2	+8.22887E-2
+7.02550E+0	+4.37151E-1	+4.05699E-2	+8.28518E-2
+7.03860E+0	+4.48412E-1	+5.10985E-2	+8.33711E-2
+7.05170E+0	+4.59602E-1	+4.41557E-2	+8.38637E-2
+7.06480E+0	+4.70720E-1	+4.12566E-2	+8.43293E-2
+7.07790E+0	+4.81764E-1	+2.64555E-2	+8.47814E-2
+7.09100E+0	+4.92731E-1	+1.48589E-2	+8.52390E-2
+7.10410E+0	+5.03621E-1	+2.79814E-2	+8.56579E-2
+7.11720E+0	+5.14432E-1	+4.74364E-2	+8.60408E-2
+7.13030E+0	+5.25161E-1	+4.37743E-2	+8.63864E-2
+7.14340E+0	+5.35807E-1	+1.79869E-2	+8.67395E-2
+7.15650E+0	+5.46369E-1	+8.75535E-3	+8.71088E-2
+7.16960E+0	+5.56845E-1	+2.62267E-2	+8.74439E-2
+7.18270E+0	+5.67233E-1	+3.63738E-2	+8.77373E-2
+7.19590E+0	+5.77610E-1	+1.82158E-2	+8.80351E-2
+7.20900E+0	+5.87816E-1	+1.62322E-2	+8.83471E-2
+7.22210E+0	+5.97930E-1	+2.66844E-2	+8.86109E-2
+7.23520E+0	+6.07950E-1	+1.64610E-2	+8.88650E-2
+7.24830E+0	+6.17873E-1	+1.49352E-2	+8.91260E-2
+7.26140E+0	+6.27700E-1	+1.89787E-2	+8.93582E-2
+7.27450E+0	+6.37427E-1	+1.03575E-2	+8.96067E-2
+7.28760E+0	+6.47054E-1	+1.98180E-2	+8.98286E-2
+7.30070E+0	+6.56578E-1	+1.04338E-2	+9.00417E-2
+7.31380E+0	+6.65999E-1	+1.39433E-2	+9.02583E-2
+7.32690E+0	+6.75315E-1	+1.38670E-2	+9.04527E-2
+7.34000E+0	+6.84525E-1	+1.82158E-2	+9.06586E-2
+7.35310E+0	+6.93626E-1	+1.45537E-2	+9.08363E-2
+7.36620E+0	+7.02618E-1	+1.20360E-2	+9.10192E-2
+7.37940E+0	+7.11567E-1	+9.82346E-3	+9.11871E-2
+7.39250E+0	+7.20335E-1	+1.98180E-2	+9.13608E-2
+7.40560E+0	+7.28990E-1	+1.53166E-2	+9.15234E-2
+7.41870E+0	+7.37529E-1	+1.31804E-2	+9.16812E-2
+7.43180E+0	+7.45952E-1	+6.92430E-3	+9.18352E-2
+7.44490E+0	+7.54258E-1	+9.67088E-3	+9.19747E-2
+7.45800E+0	+7.62444E-1	+1.27226E-2	+9.21195E-2
+7.47110E+0	+7.70511E-1	+8.45017E-3	+9.22574E-2
+7.48420E+0	+7.78456E-1	+8.45017E-3	+9.23887E-2
+7.49730E+0	+7.86278E-1	+1.01286E-2	+9.25119E-2
+7.51040E+0	+7.93975E-1	+9.06053E-3	+9.26368E-2
+7.52350E+0	+8.01548E-1	+1.15782E-2	+9.27466E-2
+7.53660E+0	+8.08994E-1	+5.55100E-3	+9.28647E-2
+7.54970E+0	+8.16313E-1	+1.07390E-2	+9.29652E-2
+7.56290E+0	+8.23557E-1	+8.67906E-3	+9.30801E-2
+7.57600E+0	+8.30616E-1	+5.47471E-3	+9.31819E-2
+7.58910E+0	+8.37544E-1	+1.15019E-2	+9.32753E-2
+7.60220E+0	+8.44340E-1	+3.49107E-3	+9.33699E-2
+7.61530E+0	+8.51003E-1	+7.76353E-3	+9.34630E-2
+7.62840E+0	+8.57531E-1	+5.93247E-3	+9.35503E-2
+7.64150E+0	+8.63925E-1	+2.65183E-3	+9.36309E-2
+7.65460E+0	+8.70181E-1	+9.73367E-4	+9.37140E-2
+7.66770E+0	+8.76301E-1	+1.27854E-3	+9.37924E-2
+7.68080E+0	+8.82283E-1	+5.91898E-4	+9.38690E-2
+7.69390E+0	+8.88125E-1	+3.33848E-3	+9.39408E-2
+7.70700E+0	+8.93827E-1	+6.46653E-3	+9.40124E-2
+7.72010E+0	+8.99388E-1	+6.92430E-3	+9.40743E-2
+7.73320E+0	+9.04807E-1	+2.10428E-4	+9.41422E-2
+7.74640E+0	+9.10124E-1	+5.77989E-3	+9.42034E-2
+7.75950E+0	+9.15256E-1	+6.46653E-3	+9.42609E-2
+7.77260E+0	+9.20243E-1	+3.49107E-3	+9.43190E-2
+7.78570E+0	+9.25086E-1	-1.71042E-4	+9.43693E-2
+7.79880E+0	+9.29782E-1	+3.56736E-3	+9.44273E-2
+7.81190E+0	+9.34332E-1	+1.58372E-3	+9.44725E-2
+7.82500E+0	+9.38734E-1	-1.08657E-3	+9.45178E-2
+7.83810E+0	+9.42989E-1	-9.33981E-4	+9.45653E-2
+7.85120E+0	+9.47094E-1	+4.63548E-3	+9.46123E-2
+7.86430E+0	+9.51051E-1	+1.35484E-3	+9.46459E-2
+7.87740E+0	+9.54857E-1	-1.31545E-3	+9.46904E-2
+7.89050E+0	+9.58512E-1	+1.43113E-3	+9.47242E-2
+7.90360E+0	+9.62017E-1	+7.53465E-3	+9.47570E-2
+7.91670E+0	+9.65369E-1	+5.91898E-4	+9.47917E-2
+7.92990E+0	+9.68594E-1	-3.29909E-3	+9.48177E-2
+7.94300E+0	+9.71640E-1	-2.30727E-3	+9.48452E-2
+7.95610E+0	+9.74533E-1	-2.23098E-3	+9.48760E-2
+7.96920E+0	+9.77273E-1	+9.21311E-3	+9.49001E-2
+7.98230E+0	+9.79858E-1	-6.88491E-3	+9.49198E-2
+7.99540E+0	+9.82289E-1	+1.34134E-4	+9.49342E-2
+8.00850E+0	+9.84564E-1	+1.01286E-2	+9.49562E-2
+8.02160E+0	+9.86685E-1	+1.04966E-3	+9.49661E-2
+8.03470E+0	+9.88650E-1	-8.57687E-4	+9.49901E-2
+8.04780E+0	+9.90459E-1	-2.30727E-3	+9.49918E-2
+8.06090E+0	+9.92111E-1	-9.47479E-5	+9.49978E-2
+8.07400E+0	+9.93608E-1	+1.58372E-3	+9.50067E-2
+8.08710E+0	+9.94947E-1	-9.47479E-5	+9.50145E-2
+8.10020E+0	+9.96129E-1	+1.12730E-2	+9.50269E-2
+8.11340E+0	+9.97162E-1	+9.73367E-4	+9.50263E-2
+8.12650E+0	+9.98029E-1	-2.76504E-3	+9.50200E-2
+8.13960E+0	+9.98738E-1	+9.73367E-4	+9.50201E-2
+8.15270E+0	+9.99290E-1	+2.95701E-3	+9.50242E-2
+8.16580E+0	+9.99685E-1	-3.68056E-3	+9.50117E-2
+8.17890E+0	+9.99921E-1	+3.63016E-4	+9.50123E-2
+8.19200E+0	+1.00000E+0	-2.38357E-3	+9.50010E-2
+8.20510E+0	+9.99921E-1	-4.76218E-4	+9.49904E-2
+8.21820E+0	+9.99685E-1	+5.39842E-3	+9.49787E-2
+8.23130E+0	+9.99290E-1	-3.60427E-3	+9.49684E-2
+8.24440E+0	+9.98738E-1	+1.88889E-3	+9.49534E-2
+8.25750E+0	+9.98029E-1	-7.11379E-3	+9.49396E-2
+8.27060E+0	+9.97162E-1	-3.14651E-3	+9.49232E-2
+8.28380E+0	+9.96129E-1	+8.97073E-4	+9.49159E-2
+8.29690E+0	+9.94947E-1	+1.50742E-3	+9.48970E-2
+8.31000E+0	+9.93608E-1	-1.23018E-2	+9.48763E-2
+8.32310E+0	+9.92111E-1	-3.23630E-4	+9.48568E-2
+8.33620E+0	+9.90459E-1	-2.15468E-3	+9.48400E-2
+8.34930E+0	+9.88650E-1	-3.99924E-4	+9.48259E-2
+8.36240E+0	+9.86685E-1	-2.99392E-3	+9.47969E-2
+8.37550E+0	+9.84564E-1	-2.68874E-3	+9.47831E-2
+8.38860E+0	+9.82289E-1	-9.55520E-3	+9.47614E-2
+8.40170E+0	+9.79858E-1	-1.73372E-2	+9.47322E-2
+8.41480E+0	+9.77273E-1	+3.94883E-3	+9.46976E-2
+8.42790E+0	+9.74533E-1	+4.94065E-3	+9.46962E-2
+8.44100E+0	+9.71640E-1	-2.99392E-3	+9.46564E-2
+8.45410E+0	+9.68594E-1	+3.71995E-3	+9.46261E-2
+8.46730E+0	+9.65369E-1	+5.78400E-5	+9.46043E-2
+8.48040E+0	+9.62017E-1	-5.96938E-3	+9.45703E-2
+8.49350E+0	+9.58512E-1	-5.52512E-4	+9.45408E-2
+8.50660E+0	+9.54857E-1	-1.84540E-5	+9.45059E-2
+8.51970E+0	+9.51051E-1	-4.76218E-4	+9.44708E-2
+8.53280E+0	+9.47094E-1	+1.20225E-3	+9.44383E-2
+8.54590E+0	+9.42989E-1	-4.36721E-3	+9.44002E-2
+8.55900E+0	+9.38734E-1	-2.68874E-3	+9.43634E-2
+8.57210E+0	+9.34332E-1	-3.60427E-3	+9.43260E-2
+8.58520E+0	+9.29782E-1	-3.07021E-3	+9.42881E-2
+8.59830E+0	+9.25086E-1	-5.20644E-3	+9.42426E-2
+8.61140E+0	+9.20243E-1	-7.87673E-3	+9.41991E-2
+8.62450E+0	+9.15256E-1	-8.18191E-3	+9.41522E-2
+8.63760E+0	+9.10124E-1	-1.16286E-3	+9.41055E-2
+8.65080E+0	+9.04807E-1	-7.11379E-3	+9.40620E-2
+8.66390E+0	+8.99388E-1	-2.76504E-3	+9.40098E-2
+8.67700E+0	+8.93827E-1	-3.75686E-3	+9.39569E-2
+8.69010E+0	+8.88125E-1	-7.49526E-3	+9.39038E-2
+8.70320E+0	+8.82283E-1	-4.59609E-3	+9.38489E-2
+8.71630E+0	+8.76301E-1	-4.67238E-3	+9.37928E-2
+8.72940E+0	+8.70181E-1	-3.90945E-3	+9.37342E-2
+8.74250E+0	+8.63925E-1	-5.81679E-3	+9.36746E-2
+8.75560E+0	+8.57531E-1	-7.41897E-3	+9.36135E-2
+8.76870E+0	+8.51003E-1	-5.58791E-3	+9.35451E-2
+8.78180E+0	+8.44340E-1	-4.06203E-3	+9.34791E-2
+8.79490E+0	+8.37544E-1	-5.58791E-3	+9.34106E-2
+8.80800E+0	+8.30616E-1	-6.04568E-3	+9.33398E-2
+8.82110E+0	+8.23557E-1	-4.67238E-3	+9.32647E-2
+8.83430E+0	+8.16313E-1	-9.25002E-3	+9.31884E-2
+8.84740E+0	+8.08994E-1	-4.67238E-3	+9.31098E-2
+8.86050E+0	+8.01548E-1	-5.81679E-3	+9.30305E-2
+8.87360E+0	+7.93975E-1	-8.86855E-3	+9.29455E-2
+8.88670E+0	+7.86278E-1	-5.81679E-3	+9.28640E-2
+8.89980E+0	+7.78456E-1	-5.43532E-3	+9.27714E-2
+8.91290E+0	+7.70511E-1	-8.94485E-3	+9.26851E-2
+8.92600E+0	+7.62444E-1	-1.62063E-3	+9.25843E-2
+8.93910E+0	+7.54258E-1	-1.00130E-2	+9.24819E-2
+8.95220E+0	+7.45952E-1	-9.47890E-3	+9.23916E-2
+8.96530E+0	+7.37529E-1	-9.33981E-4	+9.22826E-2
+8.97840E+0	+7.28990E-1	-8.63967E-3	+9.21701E-2
+8.99150E+0	+7.20335E-1	-1.27595E-2	+9.20635E-2
+9.00460E+0	+7.11567E-1	-1.00130E-2	+9.19478E-2
+9.01780E+0	+7.02618E-1	-1.06233E-2	+9.18266E-2
+9.03090E+0	+6.93626E-1	-9.09743E-3	+9.17043E-2
+9.04400E+0	+6.84525E-1	-8.25820E-3	+9.15807E-2
+9.05710E+0	+6.75315E-1	-1.06233E-2	+9.14463E-2
+9.07020E+0	+6.65999E-1	-1.22255E-2	+9.13092E-2
+9.08330E+0	+6.56578E-1	-9.09743E-3	+9.11624E-2
+9.09640E+0	+6.47054E-1	-1.41328E-2	+9.10231E-2
+9.10950E+0	+6.37427E-1	-1.13863E-2	+9.08680E-2
+9.12260E+0	+6.27700E-1	-1.26070E-2	+9.07075E-2
+9.13570E+0	+6.17873E-1	-1.36751E-2	+9.05527E-2
+9.14880E+0	+6.07950E-1	-1.55824E-2	+9.03770E-2
+9.16190E+0	+5.97930E-1	-1.44380E-2	+9.02117E-2
+9.17500E+0	+5.87816E-1	-1.11574E-2	+9.00331E-2
+9.18810E+0	+5.77610E-1	-1.18440E-2	+8.98379E-2
+9.20130E+0	+5.67233E-1	-1.67268E-2	+8.96468E-2
+9.21440E+0	+5.56845E-1	-1.06233E-2	+8.94448E-2
+9.22750E+0	+5.46369E-1	-1.82527E-2	+8.92304E-2
+9.24060E+0	+5.35807E-1	-2.26778E-2	+8.90170E-2
+9.25370E+0	+5.25161E-1	-2.09230E-2	+8.87920E-2
+9.26680E+0	+5.14432E-1	-1.35225E-2	+8.85562E-2
+9.27990E+0	+5.03621E-1	-1.52772E-2	+8.82993E-2
+9.29300E+0	+4.92731E-1	-2.38222E-2	+8.80513E-2
+9.30610E+0	+4.81764E-1	-2.41273E-2	+8.77938E-2
+9.31920E+0	+4.70720E-1	-1.38277E-2	+8.75215E-2
+9.33230E+0	+4.59602E-1	-7.19008E-3	+8.72195E-2
+9.34540E+0	+4.48412E-1	-2.07704E-2	+8.69072E-2
+9.35850E+0	+4.37151E-1	-3.50374E-2	+8.65964E-2
+9.37160E+0	+4.25821E-1	-4.11409E-2	+8.62839E-2
+9.38480E+0	+4.14336E-1	-3.17567E-2	+8.59537E-2
+9.39790E+0	+4.02873E-1	-1.45906E-2	+8.55902E-2
+9.41100E+0	+3.91347E-1	-8.94485E-3	+8.51983E-2
+9.42410E+0	+3.79759E-1	-2.20674E-2	+8.47763E-2
+9.43720E+0	+3.68110E-1	-4.00728E-2	+8.43595E-2
+9.45030E+0	+3.56404E-1	-5.22798E-2	+8.39234E-2
+9.46340E+0	+3.44641E-1	-4.65578E-2	+8.34736E-2
+9.47650E+0	+3.32825E-1	-4.46504E-2	+8.29699E-2
+9.48960E+0	+3.20955E-1	-4.30482E-2	+8.24482E-2
+9.50270E+0	+3.09035E-1	-4.13698E-2	+8.18905E-2
+9.51580E+0	+2.97066E-1	-4.22090E-2	+8.13049E-2
+9.52890E+0	+2.85051E-1	-4.41164E-2	+8.06728E-2
+9.54200E+0	+2.72990E-1	-4.64815E-2	+8.00068E-2
+9.55510E+0	+2.60887E-1	-4.96858E-2	+7.92751E-2
+9.56830E+0	+2.48649E-1	-5.31953E-2	+7.85125E-2
+9.58140E+0	+2.36465E-1	-5.74678E-2	+7.76775E-2
+9.59450E+0	+2.24243E-1	-6.57075E-2	+7.67975E-2
+9.60760E+0	+2.11986E-1	-6.80727E-2	+7.58369E-2
+9.62070E+0	+1.99696E-1	-7.18111E-2	+7.48245E-2
+9.63380E+0	+1.87374E-1	-8.18056E-2	+7.37124E-2
+9.64690E+0	+1.75022E-1	-8.16530E-2	+7.24957E-2
+9.66000E+0	+1.62643E-1	-8.69173E-2	+7.11872E-2
+9.67310E+0	+1.50238E-1	-9.72932E-2	+6.97897E-2
+9.68620E+0	+1.37810E-1	-1.07517E-1	+6.82011E-2
+9.69930E+0	+1.25360E-1	-1.21097E-1	+6.65071E-2
+9.71240E+0	+1.12890E-1	-1.43680E-1	+6.46476E-2
+9.72550E+0	+1.00402E-1	-1.66721E-1	+6.26575E-2
+9.73860E+0	+8.78986E-2	-1.99909E-1	+6.04284E-2
+9.75180E+0	+7.52855E-2	-2.11734E-1	+5.79924E-2
+9.76490E+0	+6.27561E-2	-2.21652E-1	+5.52071E-2
+9.77800E+0	+5.02167E-2	-2.42252E-1	+5.20992E-2
+9.79110E+0	+3.76695E-2	-3.03439E-1	+4.84813E-2
+9.80420E+0	+2.51163E-2	-3.32965E-1	+4.44162E-2
+9.81730E+0	+1.25591E-2	-4.26425E-1	+3.93227E-2
+9.83040E+0	+1.14834E-14	-5.11722E-1	+3.32809E-2
+9.84350E+0	-1.25591E-2	-7.07111E-1	+2.50263E-2
+9.85660E+0	-2.51163E-2	-7.02152E-1	+1.57911E-2
+9.86970E+0	-3.76695E-2	-6.96811E-1	+6.62426E-3
+9.88280E+0	-5.02167E-2	-6.87961E-1	-2.44869E-3
+9.89590E+0	-6.27561E-2	-6.77280E-1	-1.13954E-2
+9.90900E+0	-7.52855E-2	-6.62860E-1	-2.01766E-2
+9.92220E+0	-8.78986E-2	-1.20792E-1	-2.58903E-2
+9.93530E+0	-1.00402E-1	-4.03003E-1	-3.02958E-2
+9.94840E+0	-1.12890E-1	-3.05805E-1	-3.35514E-2
+9.96150E+0	-1.25360E-1	-1.81674E-1	-3.71960E-2
+9.97460E+0	-1.37810E-1	-2.10513E-1	-4.04505E-2
+9.98770E+0	-1.50238E-1	-2.57358E-1	-4.30936E-2
+1.00008E+1	-1.62643E-1	-2.02426E-1	-4.55938E-2
+1.00139E+1	-1.75022E-1	-1.70383E-1	-4.79712E-2
+1.00270E+1	-1.87374E-1	-1.46884E-1	-5.01673E-2
+1.00401E+1	-1.99696E-1	-1.52835E-1	-5.21522E-2
+1.00532E+1	-2.11986E-1	-1.42612E-1	-5.40387E-2
+1.00663E+1	-2.24243E-1	-1.42612E-1	-5.57645E-2
+1.00794E+1	-2.36465E-1	-1.35440E-1	-5.73588E-2
+1.00925E+1	-2.48649E-1	-1.40704E-1	-5.88512E-2
+1.01057E+1	-2.60887E-1	-1.24606E-1	-6.02663E-2
+1.01188E+1	-2.72990E-1	-1.19418E-1	-6.15565E-2
+1.01319E+1	-2.85051E-1	-1.00498E-1	-6.27516E-2
+1.01450E+1	-2.97066E-1	-9.15712E-2	-6.38392E-2
+1.01581E+1	-3.09035E-1	-8.22633E-2	-6.48952E-2
+1.01712E+1	-3.20955E-1	-8.20344E-2	-6.58627E-2
+1.01843E+1	-3.32825E-1	-7.98219E-2	-6.67885E-2
+1.01974E+1	-3.44641E-1	-7.47102E-2	-6.76438E-2
+1.02105E+1	-3.56404E-1	-6.50972E-2	-6.84699E-2
+1.02236E+1	-3.68110E-1	-6.08247E-2	-6.92276E-2
+1.02367E+1	-3.79759E-1	-5.31953E-2	-6.99660E-2
+1.02498E+1	-3.91347E-1	-3.90810E-2	-7.06370E-2
+1.02629E+1	-4.02873E-1	-4.89229E-2	-7.13112E-2
+1.02760E+1	-4.14336E-1	-4.15224E-2	-7.19359E-2
+1.02892E+1	-4.25821E-1	-5.22035E-2	-7.25353E-2
+1.03023E+1	-4.37151E-1	-4.76259E-2	-7.30824E-2
+1.03154E+1	-4.48412E-1	-4.98384E-2	-7.36133E-2
+1.03285E+1	-4.59602E-1	-3.36641E-2	-7.41276E-2
+1.03416E+1	-4.70720E-1	-2.38985E-2	-7.46078E-2
+1.03547E+1	-4.81764E-1	-2.17622E-2	-7.50786E-2
+1.03678E+1	-4.92731E-1	-3.82417E-2	-7.55315E-2
+1.03809E+1	-5.03621E-1	-5.19746E-2	-7.59387E-2
+1.03940E+1	-5.14432E-1	-4.41926E-2	-7.63129E-2
+1.04071E+1	-5.25161E-1	-1.76424E-2	-7.67017E-2
+1.04202E+1	-5.35807E-1	-8.33449E-3	-7.70894E-2
+1.04333E+1	-5.46369E-1	-3.02309E-2	-7.74661E-2
+1.04464E+1	-5.56845E-1	-3.92335E-2	-7.77830E-2
+1.04595E+1	-5.67233E-1	-2.18385E-2	-7.80938E-2
+1.04727E+1	-5.77610E-1	-1.32173E-2	-7.84252E-2
+1.04858E+1	-5.87816E-1	-2.74080E-2	-7.87223E-2
+1.04989E+1	-5.97930E-1	-2.32881E-2	-7.90040E-2
+1.05120E+1	-6.07950E-1	-1.54298E-2	-7.92929E-2
+1.05251E+1	-6.17873E-1	-2.63399E-2	-7.95655E-2
+1.05382E+1	-6.27700E-1	-1.58113E-2	-7.98146E-2
+1.05513E+1	-6.37427E-1	-2.08467E-2	-8.00782E-2
+1.05644E+1	-6.47054E-1	-2.15333E-2	-8.03119E-2
+1.05775E+1	-6.56578E-1	-1.38277E-2	-8.05501E-2
+1.05906E+1	-6.65999E-1	-2.16096E-2	-8.07781E-2
+1.06037E+1	-6.75315E-1	-1.33699E-2	-8.09943E-2
+1.06168E+1	-6.84525E-1	-1.84053E-2	-8.11957E-2
+1.06299E+1	-6.93626E-1	-1.47432E-2	-8.14051E-2
+1.06430E+1	-7.02618E-1	-1.87105E-2	-8.16052E-2
+1.06562E+1	-7.11567E-1	-1.04707E-2	-8.18005E-2
+1.06693E+1	-7.20335E-1	-1.80238E-2	-8.19788E-2
+1.06824E+1	-7.28990E-1	-1.14625E-2	-8.21608E-2
+1.06955E+1	-7.37529E-1	-1.48195E-2	-8.23322E-2
+1.07086E+1	-7.45952E-1	-1.33699E-2	-8.25066E-2
+1.07217E+1	-7.54258E-1	-1.18440E-2	-8.26691E-2
+1.07348E+1	-7.62444E-1	-1.32936E-2	-8.28252E-2
+1.07479E+1	-7.70511E-1	-1.29121E-2	-8.29799E-2
+1.07610E+1	-7.78456E-1	-1.23018E-2	-8.31294E-2
+1.07741E+1	-7.86278E-1	-1.16151E-2	-8.32681E-2
+1.07872E+1	-7.93975E-1	-9.86037E-3	-8.34135E-2
+1.08003E+1	-8.01548E-1	-1.18440E-2	-8.35475E-2
+1.08134E+1	-8.08994E-1	-7.95302E-3	-8.36871E-2
+1.08265E+1	-8.16313E-1	-8.63967E-3	-8.38064E-2
+1.08397E+1	-8.23557E-1	-1.08522E-2	-8.39381E-2
+1.08528E+1	-8.30616E-1	-2.99392E-3	-8.40529E-2
+1.08659E+1	-8.37544E-1	-1.29121E-2	-8.41752E-2
+1.08790E+1	-8.44340E-1	-9.09743E-3	-8.42928E-2
+1.08921E+1	-8.51003E-1	-5.28274E-3	-8.44038E-2
+1.09052E+1	-8.57531E-1	-6.57973E-3	-8.45072E-2
+1.09183E+1	-8.63925E-1	-6.50344E-3	-8.46127E-2
+1.09314E+1	-8.70181E-1	-8.18191E-3	-8.47129E-2
+1.09445E+1	-8.76301E-1	-4.67238E-3	-8.48072E-2
+1.09576E+1	-8.82283E-1	-1.03944E-2	-8.49027E-2
+1.09707E+1	-8.88125E-1	-8.25820E-3	-8.49961E-2
+1.09838E+1	-8.93827E-1	-2.30727E-3	-8.50850E-2
+1.09969E+1	-8.99388E-1	-5.20644E-3	-8.51748E-2
+1.10100E+1	-9.04807E-1	-8.79226E-3	-8.52605E-2
+1.10232E+1	-9.10124E-1	-9.40261E-3	-8.53381E-2
+1.10363E+1	-9.15256E-1	-2.76504E-3	-8.54129E-2
+1.10494E+1	-9.20243E-1	-1.13100E-2	-8.54915E-2
+1.10625E+1	-9.25086E-1	-4.21462E-3	-8.55658E-2
+1.10756E+1	-9.29782E-1	-3.75686E-3	-8.56377E-2
+1.10887E+1	-9.34332E-1	-5.58791E-3	-8.57093E-2
+1.11018E+1	-9.38734E-1	-6.35085E-3	-8.57761E-2
+1.11149E+1	-9.42989E-1	-9.40261E-3	-8.58389E-2
+1.11280E+1	-9.47094E-1	-2.84133E-3	-8.58969E-2
+1.11411E+1	-9.51051E-1	+1.58372E-3	-8.59613E-2
+1.11542E+1	-9.54857E-1	-2.61245E-3	-8.60188E-2
+1.11673E+1	-9.58512E-1	-1.08657E-3	-8.60751E-2
+1.11804E+1	-9.62017E-1	-4.06203E-3	-8.61242E-2
+1.11935E+1	-9.65369E-1	-4.06203E-3	-8.61801E-2
+1.12067E+1	-9.68594E-1	-1.08657E-3	-8.62249E-2
+1.12198E+1	-9.71640E-1	+2.10428E-4	-8.62729E-2
+1.12329E+1	-9.74533E-1	-1.92580E-3	-8.63182E-2
+1.12460E+1	-9.77273E-1	-1.32173E-2	-8.63624E-2
+1.12591E+1	-9.79858E-1	+7.07688E-3	-8.64119E-2
+1.12722E+1	-9.82289E-1	-2.47336E-4	-8.64410E-2
+1.12853E+1	-9.84564E-1	-1.15388E-2	-8.64851E-2
+1.12984E+1	-9.86685E-1	-5.43532E-3	-8.65168E-2
+1.13115E+1	-9.88650E-1	-1.23916E-3	-8.65572E-2
+1.13246E+1	-9.90459E-1	+9.73367E-4	-8.65819E-2
+1.13377E+1	-9.92111E-1	-3.68056E-3	-8.66123E-2
+1.13508E+1	-9.93608E-1	-4.51980E-3	-8.66407E-2
+1.13639E+1	-9.94947E-1	-2.23098E-3	-8.66655E-2
+1.13770E+1	-9.96129E-1	-1.38277E-2	-8.66977E-2
+1.13902E+1	-9.97162E-1	-1.01028E-3	-8.67166E-2
+1.14033E+1	-9.98029E-1	+1.27854E-3	-8.67342E-2
+1.14164E+1	-9.98738E-1	-3.75686E-3	-8.67492E-2
+1.14295E+1	-9.99290E-1	-4.06203E-3	-8.67750E-2
+1.14426E+1	-9.99685E-1	+1.58372E-3	-8.67827E-2
+1.14557E+1	-9.99921E-1	-1.46804E-3	-8.68005E-2
+1.14688E+1	-1.00000E+0	+1.58372E-3	-8.68086E-2
+1.14819E+1	-9.99921E-1	-2.07839E-3	-8.68184E-2
+1.14950E+1	-9.99685E-1	-5.66421E-3	-8.68266E-2
+1.15081E+1	-9.99290E-1	+3.33848E-3	-8.68373E-2
+1.15212E+1	-9.98738E-1	-4.29091E-3	-8.68416E-2
+1.15343E+1	-9.98029E-1	+2.27036E-3	-8.68515E-2
+1.15474E+1	-9.97162E-1	+2.95701E-3	-8.68525E-2
+1.15606E+1	-9.96129E-1	-3.37539E-3	-8.68645E-2
+1.15737E+1	-9.94947E-1	-2.07839E-3	-8.68683E-2
+1.15868E+1	-9.93608E-1	+1.05864E-2	-8.68684E-2
+1.15999E+1	-9.92111E-1	-3.52798E-3	-8.68695E-2
+1.16130E+1	-9.90459E-1	+8.97073E-4	-8.68735E-2
+1.16261E+1	-9.88650E-1	-4.76218E-4	-8.68738E-2
+1.16392E+1	-9.86685E-1	+2.65183E-3	-8.68676E-2
+1.16523E+1	-9.84564E-1	+3.26219E-3	-8.68733E-2
+1.16654E+1	-9.82289E-1	+7.38206E-3	-8.68720E-2
+1.16785E+1	-9.79858E-1	+1.51640E-2	-8.68633E-2
+1.16916E+1	-9.77273E-1	-4.21462E-3	-8.68438E-2
+1.17047E+1	-9.74533E-1	-9.70779E-3	-8.68634E-2
+1.17178E+1	-9.71640E-1	+2.88072E-3	-8.68482E-2
+1.17309E+1	-9.68594E-1	-2.53615E-3	-8.68362E-2
+1.17441E+1	-9.65369E-1	-2.15468E-3	-8.68337E-2
+1.17572E+1	-9.62017E-1	+3.41477E-3	-8.68213E-2
+1.17703E+1	-9.58512E-1	+5.78400E-5	-8.68133E-2
+1.17834E+1	-9.54857E-1	+9.73367E-4	-8.68007E-2
+1.17965E+1	-9.51051E-1	+1.43113E-3	-8.67846E-2
+1.18096E+1	-9.47094E-1	+2.57554E-3	-8.67697E-2
+1.18227E+1	-9.42989E-1	+1.88889E-3	-8.67555E-2
+1.18358E+1	-9.38734E-1	-1.46804E-3	-8.67382E-2
+1.18489E+1	-9.34332E-1	-7.81393E-4	-8.67159E-2
+1.18620E+1	-9.29782E-1	+6.68192E-4	-8.66965E-2
+1.18751E+1	-9.25086E-1	-1.31545E-3	-8.66736E-2
+1.18882E+1	-9.20243E-1	-1.54433E-3	-8.66518E-2
+1.19013E+1	-9.15256E-1	-1.46804E-3	-8.66293E-2
+1.19144E+1	-9.10124E-1	+7.53465E-3	-8.66040E-2
+1.19276E+1	-9.04807E-1	+2.19407E-3	-8.65732E-2
+1.19407E+1	-8.99388E-1	+6.69541E-3	-8.65447E-2
+1.19538E+1	-8.93827E-1	-1.01028E-3	-8.65148E-2
+1.19669E+1	-8.88125E-1	-9.47479E-5	-8.64799E-2
+1.19800E+1	-8.82283E-1	+6.68192E-4	-8.64431E-2
+1.19931E+1	-8.76301E-1	+2.11778E-3	-8.64050E-2
+1.20062E+1	-8.70181E-1	+3.56736E-3	-8.63690E-2
+1.20193E+1	-8.63925E-1	+4.78806E-3	-8.63285E-2
+1.20324E+1	-8.57531E-1	+2.49925E-3	-8.62883E-2
+1.20455E+1	-8.51003E-1	-8.57687E-4	-8.62446E-2
+1.20586E+1	-8.44340E-1	+4.86436E-3	-8.62002E-2
+1.20717E+1	-8.37544E-1	+4.48289E-3	-8.61499E-2
+1.20848E+1	-8.30616E-1	+4.33030E-3	-8.60986E-2
+1.20979E+1	-8.23557E-1	+1.50742E-3	-8.60487E-2
+1.21111E+1	-8.16313E-1	+8.20779E-4	-8.59893E-2
+1.21242E+1	-8.08994E-1	+3.49107E-3	-8.59301E-2
+1.21373E+1	-8.01548E-1	+6.54283E-3	-8.58724E-2
+1.21504E+1	-7.93975E-1	+5.09324E-3	-8.58062E-2
+1.21635E+1	-7.86278E-1	+5.55100E-3	-8.57406E-2
+1.21766E+1	-7.78456E-1	+3.56736E-3	-8.56694E-2
+1.21897E+1	-7.70511E-1	+1.18071E-2	-8.56031E-2
+1.22028E+1	-7.62444E-1	+1.35484E-3	-8.55297E-2
+1.22159E+1	-7.54258E-1	+8.75535E-3	-8.54468E-2
+1.22290E+1	-7.45952E-1	+1.05101E-2	-8.53751E-2
+1.22421E+1	-7.37529E-1	+9.73367E-4	-8.52869E-2
+1.22552E+1	-7.28990E-1	+6.61912E-3	-8.51965E-2
+1.22683E+1	-7.20335E-1	+9.97605E-3	-8.51089E-2
+1.22814E+1	-7.11567E-1	+9.89976E-3	-8.50138E-2
+1.22946E+1	-7.02618E-1	+1.28752E-2	-8.49158E-2
+1.23077E+1	-6.93626E-1	+5.47471E-3	-8.48152E-2
+1.23208E+1	-6.84525E-1	+1.27226E-2	-8.47045E-2
+1.23339E+1	-6.75315E-1	+7.22947E-3	-8.45973E-2
+1.23470E+1	-6.65999E-1	+1.04338E-2	-8.44806E-2
+1.23601E+1	-6.56578E-1	+6.46653E-3	-8.43613E-2
+1.23732E+1	-6.47054E-1	+1.40959E-2	-8.42334E-2
+1.23863E+1	-6.37427E-1	+5.16953E-3	-8.41030E-2
+1.23994E+1	-6.27700E-1	+9.36570E-3	-8.39661E-2
+1.24125E+1	-6.17873E-1	+1.50877E-2	-8.38305E-2
+1.24256E+1	-6.07950E-1	+8.29759E-3	-8.36749E-2
+1.24387E+1	-5.97930E-1	+1.37908E-2	-8.35270E-2
+1.24518E+1	-5.87816E-1	+1.45537E-2	-8.33658E-2
+1.24649E+1	-5.77610E-1	+8.90794E-3	-8.32004E-2
+1.24781E+1	-5.67233E-1	+1.10442E-2	-8.30252E-2
+1.24912E+1	-5.56845E-1	+1.79106E-2	-8.28536E-2
+1.25043E+1	-5.46369E-1	+1.24175E-2	-8.26566E-2
+1.25174E+1	-5.35807E-1	+1.22649E-2	-8.24524E-2
+1.25305E+1	-5.25161E-1	+1.61559E-2	-8.22599E-2
+1.25436E+1	-5.14432E-1	+1.80632E-2	-8.20533E-2
+1.25567E+1	-5.03621E-1	+1.24175E-2	-8.18249E-2
+1.25698E+1	-4.92731E-1	+1.73003E-2	-8.15802E-2
+1.25829E+1	-4.81764E-1	+2.32512E-2	-8.13369E-2
+1.25960E+1	-4.70720E-1	+2.50823E-2	-8.10980E-2
+1.26091E+1	-4.59602E-1	+1.18071E-2	-8.08345E-2
+1.26222E+1	-4.48412E-1	+9.21311E-3	-8.05461E-2
+1.26353E+1	-4.37151E-1	+1.02049E-2	-8.02291E-2
+1.26484E+1	-4.25821E-1	+2.88970E-2	-7.99236E-2
+1.26616E+1	-4.14336E-1	+4.47661E-2	-7.96068E-2
+1.26747E+1	-4.02873E-1	+4.09514E-2	-7.92906E-2
+1.26878E+1	-3.91347E-1	+2.18779E-2	-7.89333E-2
+1.27009E+1	-3.79759E-1	+6.08506E-3	-7.85465E-2
+1.27140E+1	-3.68110E-1	+1.72240E-2	-7.81322E-2
+1.27271E+1	-3.56404E-1	+3.39324E-2	-7.77085E-2
+1.27402E+1	-3.44641E-1	+4.69786E-2	-7.72754E-2
+1.27533E+1	-3.32825E-1	+4.47661E-2	-7.68142E-2
+1.27664E+1	-3.20955E-1	+4.78941E-2	-7.63146E-2
+1.27795E+1	-3.09035E-1	+5.29295E-2	-7.57912E-2
+1.27926E+1	-2.97066E-1	+4.78178E-2	-7.52281E-2
+1.28057E+1	-2.85051E-1	+5.58287E-2	-7.46266E-2
+1.28188E+1	-2.72990E-1	+4.85045E-2	-7.39908E-2
+1.28319E+1	-2.60887E-1	+5.93382E-2	-7.33055E-2
+1.28451E+1	-2.48649E-1	+6.68913E-2	-7.25509E-2
+1.28582E+1	-2.36465E-1	+5.93382E-2	-7.17581E-2
+1.28713E+1	-2.24243E-1	+7.22319E-2	-7.09065E-2
+1.28844E+1	-2.11986E-1	+7.72673E-2	-6.99752E-2
+1.28975E+1	-1.99696E-1	+8.07768E-2	-6.89628E-2
+1.29106E+1	-1.87374E-1	+8.39812E-2	-6.78999E-2
+1.29237E+1	-1.75022E-1	+9.38231E-2	-6.67319E-2
+1.29368E+1	-1.62643E-1	+9.83244E-2	-6.54740E-2
+1.29499E+1	-1.50238E-1	+1.08395E-1	-6.40952E-2
+1.29630E+1	-1.37810E-1	+1.03436E-1	-6.25851E-2
+1.29761E+1	-1.25360E-1	+1.16177E-1	-6.09359E-2
+1.29892E+1	-1.12890E-1	+1.18313E-1	-5.91087E-2
+1.30023E+1	-1.00402E-1	+1.34183E-1	-5.70627E-2
+1.30154E+1	-8.78986E-2	+1.47687E-1	-5.48889E-2
+1.30286E+1	-7.52855E-2	+1.82553E-1	-5.24354E-2
+1.30417E+1	-6.27561E-2	+2.09408E-1	-4.97515E-2
+1.30548E+1	-5.02167E-2	+2.41757E-1	-4.66391E-2
+1.30679E+1	-3.76695E-2	+2.66476E-1	-4.31708E-2
+1.30810E+1	-2.51163E-2	+3.32852E-1	-3.90571E-2
+1.30941E+1	-1.25591E-2	+3.99991E-1	-3.42458E-2
