+0.00000E+0	+0.00000E+0	-4.51980E-3	-2.25990E-7
+1.31000E-2	+1.25591E-2	+3.82048E-2	+2.84719E-4
+2.62000E-2	+2.51163E-2	+6.10167E-2	+8.67809E-4
+3.93000E-2	+3.76695E-2	+8.39812E-2	+1.72471E-3
+5.24000E-2	+5.02167E-2	+1.20450E-1	+2.97384E-3
+6.55000E-2	+6.27561E-2	+1.49213E-1	+4.63960E-3
+7.86000E-2	+7.52855E-2	+1.73703E-1	+6.68667E-3
+9.18000E-2	+8.78986E-2	+1.95447E-1	+9.06052E-3
+1.04900E-1	+1.00402E-1	+2.06280E-1	+1.16726E-2
+1.18000E-1	+1.12890E-1	+2.11087E-1	+1.43900E-2
+1.31100E-1	+1.25360E-1	+2.08188E-1	+1.71540E-2
+1.44200E-1	+1.37810E-1	+2.07043E-1	+1.99155E-2
+1.57300E-1	+1.50238E-1	+2.04526E-1	+2.26721E-2
+1.70400E-1	+1.62643E-1	+2.03457E-1	+2.53926E-2
+1.83500E-1	+1.75022E-1	+1.99338E-1	+2.81030E-2
+1.96600E-1	+1.87374E-1	+1.98498E-1	+3.07974E-2
+2.09700E-1	+1.99696E-1	+2.00101E-1	+3.34996E-2
+2.22800E-1	+2.11986E-1	+2.00940E-1	+3.61922E-2
+2.35900E-1	+2.24243E-1	+2.00177E-1	+3.88817E-2
+2.49000E-1	+2.36465E-1	+1.97049E-1	+4.15445E-2
+2.62100E-1	+2.48649E-1	+1.92853E-1	+4.41730E-2
+2.75300E-1	+2.60887E-1	+1.90793E-1	+4.67500E-2
+2.88400E-1	+2.72990E-1	+1.82934E-1	+4.92501E-2
+3.01500E-1	+2.85051E-1	+1.79654E-1	+5.16724E-2
+3.14600E-1	+2.97066E-1	+1.72711E-1	+5.40205E-2
+3.27700E-1	+3.09035E-1	+1.64624E-1	+5.62729E-2
+3.40800E-1	+3.20955E-1	+1.57529E-1	+5.84391E-2
+3.53900E-1	+3.32825E-1	+1.52188E-1	+6.05116E-2
+3.67000E-1	+3.44641E-1	+1.45550E-1	+6.24949E-2
+3.80100E-1	+3.56404E-1	+1.39828E-1	+6.43728E-2
+3.93200E-1	+3.68110E-1	+1.32352E-1	+6.61602E-2
+4.06300E-1	+3.79759E-1	+1.25943E-1	+6.78480E-2
+4.19400E-1	+3.91347E-1	+1.21594E-1	+6.94468E-2
+4.32500E-1	+4.02873E-1	+1.13583E-1	+7.09480E-2
+4.45600E-1	+4.14336E-1	+1.06717E-1	+7.23592E-2
+4.58800E-1	+4.25821E-1	+9.80956E-2	+7.36999E-2
+4.71900E-1	+4.37151E-1	+9.19158E-2	+7.49477E-2
+4.85000E-1	+4.48412E-1	+8.73381E-2	+7.61180E-2
+4.98100E-1	+4.59602E-1	+7.83354E-2	+7.72120E-2
+5.11200E-1	+4.70720E-1	+7.57414E-2	+7.82391E-2
+5.24300E-1	+4.81764E-1	+7.33000E-2	+7.91951E-2
+5.37400E-1	+4.92731E-1	+6.52129E-2	+8.00901E-2
+5.50500E-1	+5.03621E-1	+6.08641E-2	+8.09238E-2
+5.63600E-1	+5.14432E-1	+5.59050E-2	+8.17047E-2
+5.76700E-1	+5.25161E-1	+5.64391E-2	+8.24289E-2
+5.89800E-1	+5.35807E-1	+5.14800E-2	+8.31070E-2
+6.02900E-1	+5.46369E-1	+4.55290E-2	+8.37449E-2
+6.16000E-1	+5.56845E-1	+4.30876E-2	+8.43394E-2
+6.29100E-1	+5.67233E-1	+4.25536E-2	+8.48970E-2
+6.42300E-1	+5.77610E-1	+3.81285E-2	+8.54226E-2
+6.55400E-1	+5.87816E-1	+3.34746E-2	+8.59171E-2
+6.68500E-1	+5.97930E-1	+3.61449E-2	+8.63740E-2
+6.81600E-1	+6.07950E-1	+3.02702E-2	+8.68038E-2
+6.94700E-1	+6.17873E-1	+2.98125E-2	+8.72119E-2
+7.07800E-1	+6.27700E-1	+3.08043E-2	+8.75946E-2
+7.20900E-1	+6.37427E-1	+2.75237E-2	+8.79615E-2
+7.34000E-1	+6.47054E-1	+2.68370E-2	+8.83031E-2
+7.47100E-1	+6.56578E-1	+2.14964E-2	+8.86271E-2
+7.60200E-1	+6.65999E-1	+2.37853E-2	+8.89361E-2
+7.73300E-1	+6.75315E-1	+2.19542E-2	+8.92279E-2
+7.86400E-1	+6.84525E-1	+2.06572E-2	+8.95090E-2
+7.99500E-1	+6.93626E-1	+1.89024E-2	+8.97693E-2
+8.12600E-1	+7.02618E-1	+1.82158E-2	+9.00221E-2
+8.25800E-1	+7.11567E-1	+1.54692E-2	+9.02654E-2
+8.38900E-1	+7.20335E-1	+1.77580E-2	+9.04939E-2
+8.52000E-1	+7.28990E-1	+1.63085E-2	+9.07142E-2
+8.65100E-1	+7.37529E-1	+1.61559E-2	+9.09232E-2
+8.78200E-1	+7.45952E-1	+1.62322E-2	+9.11236E-2
+8.91300E-1	+7.54258E-1	+1.21886E-2	+9.13130E-2
+9.04400E-1	+7.62444E-1	+1.39433E-2	+9.14995E-2
+9.17500E-1	+7.70511E-1	+1.36382E-2	+9.16764E-2
+9.30600E-1	+7.78456E-1	+1.02049E-2	+9.18434E-2
+9.43700E-1	+7.86278E-1	+1.28752E-2	+9.20049E-2
+9.56800E-1	+7.93975E-1	+1.16545E-2	+9.21578E-2
+9.69900E-1	+8.01548E-1	+1.02812E-2	+9.23045E-2
+9.83000E-1	+8.08994E-1	+7.99241E-3	+9.24469E-2
+9.96100E-1	+8.16313E-1	+1.08916E-2	+9.25815E-2
+1.00930E+0	+8.23557E-1	+8.98423E-3	+9.27141E-2
+1.02240E+0	+8.30616E-1	+8.75535E-3	+9.28419E-2
+1.03550E+0	+8.37544E-1	+9.06053E-3	+9.29615E-2
+1.04860E+0	+8.44340E-1	+7.83982E-3	+9.30772E-2
+1.06170E+0	+8.51003E-1	+8.75535E-3	+9.31902E-2
+1.07480E+0	+8.57531E-1	+6.77171E-3	+9.32974E-2
+1.08790E+0	+8.63925E-1	+5.32212E-3	+9.33982E-2
+1.10100E+0	+8.70181E-1	+5.24583E-3	+9.34970E-2
+1.11410E+0	+8.76301E-1	+5.70359E-3	+9.35927E-2
+1.12720E+0	+8.82283E-1	+4.25401E-3	+9.36865E-2
+1.14030E+0	+8.88125E-1	+5.55100E-3	+9.37735E-2
+1.15340E+0	+8.93827E-1	+5.62730E-3	+9.38584E-2
+1.16650E+0	+8.99388E-1	+6.61912E-3	+9.39370E-2
+1.17960E+0	+9.04807E-1	+5.39842E-3	+9.40160E-2
+1.19280E+0	+9.10124E-1	+7.53465E-3	+9.40896E-2
+1.20590E+0	+9.15256E-1	+2.95701E-3	+9.41609E-2
+1.21900E+0	+9.20243E-1	+5.39842E-3	+9.42263E-2
+1.23210E+0	+9.25086E-1	+4.33030E-3	+9.42908E-2
+1.24520E+0	+9.29782E-1	+3.87254E-3	+9.43559E-2
+1.25830E+0	+9.34332E-1	+4.10142E-3	+9.44135E-2
+1.27140E+0	+9.38734E-1	+3.41477E-3	+9.44685E-2
+1.28450E+0	+9.42989E-1	+3.33848E-3	+9.45218E-2
+1.29760E+0	+9.47094E-1	+2.11778E-3	+9.45734E-2
+1.31070E+0	+9.51051E-1	+1.73631E-3	+9.46191E-2
+1.32380E+0	+9.54857E-1	-1.71042E-4	+9.46667E-2
+1.33690E+0	+9.58512E-1	+2.34666E-3	+9.47087E-2
+1.35000E+0	+9.62017E-1	+5.09324E-3	+9.47475E-2
+1.36310E+0	+9.65369E-1	+9.73367E-4	+9.47889E-2
+1.37630E+0	+9.68594E-1	-7.05099E-4	+9.48209E-2
+1.38940E+0	+9.71640E-1	-1.23916E-3	+9.48545E-2
+1.40250E+0	+9.74533E-1	-2.38357E-3	+9.48868E-2
+1.41560E+0	+9.77273E-1	+4.48289E-3	+9.49224E-2
+1.42870E+0	+9.79858E-1	-3.23630E-4	+9.49410E-2
+1.44180E+0	+9.82289E-1	+2.80442E-3	+9.49652E-2
+1.45490E+0	+9.84564E-1	+1.58372E-3	+9.49869E-2
+1.46800E+0	+9.86685E-1	+2.10428E-4	+9.50058E-2
+1.48110E+0	+9.88650E-1	+1.66001E-3	+9.50284E-2
+1.49420E+0	+9.90459E-1	-9.47479E-5	+9.50410E-2
+1.50730E+0	+9.92111E-1	+8.20779E-4	+9.50535E-2
+1.52040E+0	+9.93608E-1	-1.84540E-5	+9.50668E-2
+1.53350E+0	+9.94947E-1	+2.34666E-3	+9.50775E-2
+1.54660E+0	+9.96129E-1	+2.72813E-3	+9.50862E-2
+1.55980E+0	+9.97162E-1	+1.35484E-3	+9.50938E-2
+1.57290E+0	+9.98029E-1	+1.04966E-3	+9.50949E-2
+1.58600E+0	+9.98738E-1	+5.91898E-4	+9.50988E-2
+1.59910E+0	+9.99290E-1	-3.99924E-4	+9.51008E-2
+1.61220E+0	+9.99685E-1	-3.23630E-4	+9.50968E-2
+1.62530E+0	+9.99921E-1	-1.92580E-3	+9.50990E-2
+1.63840E+0	+1.00000E+0	-3.99924E-4	+9.50940E-2
+1.65150E+0	+9.99921E-1	-9.47479E-5	+9.50876E-2
+1.66460E+0	+9.99685E-1	-8.57687E-4	+9.50772E-2
+1.67770E+0	+9.99290E-1	-1.84540E-5	+9.50686E-2
+1.69080E+0	+9.98738E-1	-7.05099E-4	+9.50575E-2
+1.70390E+0	+9.98029E-1	-2.15468E-3	+9.50438E-2
+1.71700E+0	+9.97162E-1	-5.52512E-4	+9.50324E-2
+1.73020E+0	+9.96129E-1	-1.62063E-3	+9.50195E-2
+1.74330E+0	+9.94947E-1	-7.81393E-4	+9.50045E-2
+1.75640E+0	+9.93608E-1	-3.90945E-3	+9.49869E-2
+1.76950E+0	+9.92111E-1	-6.19826E-3	+9.49719E-2
+1.78260E+0	+9.90459E-1	-2.53615E-3	+9.49530E-2
+1.79570E+0	+9.88650E-1	-6.28806E-4	+9.49369E-2
+1.80880E+0	+9.86685E-1	-3.37539E-3	+9.49147E-2
+1.82190E+0	+9.84564E-1	-1.01028E-3	+9.48957E-2
+1.83500E+0	+9.82289E-1	-2.68874E-3	+9.48736E-2
+1.84810E+0	+9.79858E-1	-5.43532E-3	+9.48484E-2
+1.86120E+0	+9.77273E-1	+9.73367E-4	+9.48247E-2
+1.87430E+0	+9.74533E-1	-7.95302E-3	+9.48012E-2
+1.88740E+0	+9.71640E-1	+1.58372E-3	+9.47759E-2
+1.90050E+0	+9.68594E-1	+4.86436E-3	+9.47458E-2
+1.91370E+0	+9.65369E-1	-3.99924E-4	+9.47191E-2
+1.92680E+0	+9.62017E-1	-5.28274E-3	+9.46860E-2
+1.93990E+0	+9.58512E-1	-1.46804E-3	+9.46571E-2
+1.95300E+0	+9.54857E-1	+2.10428E-4	+9.46236E-2
+1.96610E+0	+9.51051E-1	-1.01028E-3	+9.45913E-2
+1.97920E+0	+9.47094E-1	-1.31545E-3	+9.45574E-2
+1.99230E+0	+9.42989E-1	-4.13833E-3	+9.45199E-2
+2.00540E+0	+9.38734E-1	-1.01028E-3	+9.44842E-2
+2.01850E+0	+9.34332E-1	-3.29909E-3	+9.44456E-2
+2.03160E+0	+9.29782E-1	-2.45986E-3	+9.44073E-2
+2.04470E+0	+9.25086E-1	-2.23098E-3	+9.43643E-2
+2.05780E+0	+9.20243E-1	-4.67238E-3	+9.43224E-2
+2.07090E+0	+9.15256E-1	-2.84133E-3	+9.42777E-2
+2.08400E+0	+9.10124E-1	-3.29909E-3	+9.42333E-2
+2.09720E+0	+9.04807E-1	-5.89309E-3	+9.41861E-2
+2.11030E+0	+8.99388E-1	-2.23098E-3	+9.41383E-2
+2.12340E+0	+8.93827E-1	-3.83315E-3	+9.40866E-2
+2.13650E+0	+8.88125E-1	-5.74050E-3	+9.40366E-2
+2.14960E+0	+8.82283E-1	-3.45168E-3	+9.39846E-2
+2.16270E+0	+8.76301E-1	-2.45986E-3	+9.39299E-2
+2.17580E+0	+8.70181E-1	-3.22280E-3	+9.38731E-2
+2.18890E+0	+8.63925E-1	-4.44350E-3	+9.38150E-2
+2.20200E+0	+8.57531E-1	-5.51162E-3	+9.37562E-2
+2.21510E+0	+8.51003E-1	-4.21462E-3	+9.36923E-2
+2.22820E+0	+8.44340E-1	-2.68874E-3	+9.36310E-2
+2.24130E+0	+8.37544E-1	-6.12197E-3	+9.35665E-2
+2.25440E+0	+8.30616E-1	-5.35903E-3	+9.34994E-2
+2.26750E+0	+8.23557E-1	-4.97756E-3	+9.34298E-2
+2.28070E+0	+8.16313E-1	-7.03750E-3	+9.33577E-2
+2.29380E+0	+8.08994E-1	-4.44350E-3	+9.32841E-2
+2.30690E+0	+8.01548E-1	-4.36721E-3	+9.32084E-2
+2.32000E+0	+7.93975E-1	-6.42715E-3	+9.31317E-2
+2.33310E+0	+7.86278E-1	-4.90127E-3	+9.30528E-2
+2.34620E+0	+7.78456E-1	-6.19826E-3	+9.29701E-2
+2.35930E+0	+7.70511E-1	-7.26638E-3	+9.28855E-2
+2.37240E+0	+7.62444E-1	-5.28274E-3	+9.27954E-2
+2.38550E+0	+7.54258E-1	-5.89309E-3	+9.27039E-2
+2.39860E+0	+7.45952E-1	-7.57155E-3	+9.26130E-2
+2.41170E+0	+7.37529E-1	-6.19826E-3	+9.25166E-2
+2.42480E+0	+7.28990E-1	-7.11379E-3	+9.24159E-2
+2.43790E+0	+7.20335E-1	-7.57155E-3	+9.23158E-2
+2.45100E+0	+7.11567E-1	-8.63967E-3	+9.22090E-2
+2.46420E+0	+7.02618E-1	-8.71596E-3	+9.21005E-2
+2.47730E+0	+6.93626E-1	-1.00893E-2	+9.19886E-2
+2.49040E+0	+6.84525E-1	-9.55520E-3	+9.18778E-2
+2.50350E+0	+6.75315E-1	-1.07759E-2	+9.17566E-2
+2.51660E+0	+6.65999E-1	-1.01655E-2	+9.16344E-2
+2.52970E+0	+6.56578E-1	-9.25002E-3	+9.15058E-2
+2.54280E+0	+6.47054E-1	-1.12337E-2	+9.13772E-2
+2.55590E+0	+6.37427E-1	-1.00130E-2	+9.12422E-2
+2.56900E+0	+6.27700E-1	-9.25002E-3	+9.11031E-2
+2.58210E+0	+6.17873E-1	-1.04707E-2	+9.09600E-2
+2.59520E+0	+6.07950E-1	-1.31410E-2	+9.08107E-2
+2.60830E+0	+5.97930E-1	-1.31410E-2	+9.06599E-2
+2.62140E+0	+5.87816E-1	-8.18191E-3	+9.05024E-2
+2.63450E+0	+5.77610E-1	-1.45906E-2	+9.03388E-2
+2.64770E+0	+5.67233E-1	-1.42091E-2	+9.01667E-2
+2.66080E+0	+5.56845E-1	-1.29121E-2	+8.99914E-2
+2.67390E+0	+5.46369E-1	-1.55824E-2	+8.98077E-2
+2.68700E+0	+5.35807E-1	-1.62691E-2	+8.96236E-2
+2.70010E+0	+5.25161E-1	-1.51247E-2	+8.94278E-2
+2.71320E+0	+5.14432E-1	-1.37514E-2	+8.92246E-2
+2.72630E+0	+5.03621E-1	-1.59639E-2	+8.90144E-2
+2.73940E+0	+4.92731E-1	-1.71083E-2	+8.87988E-2
+2.75250E+0	+4.81764E-1	-1.81001E-2	+8.85751E-2
+2.76560E+0	+4.70720E-1	-1.74898E-2	+8.83416E-2
+2.77870E+0	+4.59602E-1	-1.56587E-2	+8.80970E-2
+2.79180E+0	+4.48412E-1	-2.03889E-2	+8.78450E-2
+2.80490E+0	+4.37151E-1	-2.36696E-2	+8.75849E-2
+2.81800E+0	+4.25821E-1	-2.44325E-2	+8.73139E-2
+2.83120E+0	+4.14336E-1	-2.32118E-2	+8.70312E-2
+2.84430E+0	+4.02873E-1	-2.30592E-2	+8.67354E-2
+2.85740E+0	+3.91347E-1	-2.27540E-2	+8.64316E-2
+2.87050E+0	+3.79759E-1	-2.32118E-2	+8.61072E-2
+2.88360E+0	+3.68110E-1	-2.33644E-2	+8.57689E-2
+2.89670E+0	+3.56404E-1	-2.58058E-2	+8.54130E-2
+2.90980E+0	+3.44641E-1	-2.84761E-2	+8.50478E-2
+2.92290E+0	+3.32825E-1	-3.09175E-2	+8.46606E-2
+2.93600E+0	+3.20955E-1	-3.06886E-2	+8.42587E-2
+2.94910E+0	+3.09035E-1	-3.54188E-2	+8.38367E-2
+2.96220E+0	+2.97066E-1	-3.53426E-2	+8.33978E-2
+2.97530E+0	+2.85051E-1	-3.94624E-2	+8.29354E-2
+2.98840E+0	+2.72990E-1	-3.96150E-2	+8.24455E-2
+3.00150E+0	+2.60887E-1	-4.25905E-2	+8.19296E-2
+3.01470E+0	+2.48649E-1	-4.42689E-2	+8.13855E-2
+3.02780E+0	+2.36465E-1	-4.75496E-2	+8.08131E-2
+3.04090E+0	+2.24243E-1	-4.82362E-2	+8.02070E-2
+3.05400E+0	+2.11986E-1	-5.40346E-2	+7.95680E-2
+3.06710E+0	+1.99696E-1	-5.53316E-2	+7.88929E-2
+3.08020E+0	+1.87374E-1	-6.11299E-2	+7.81745E-2
+3.09330E+0	+1.75022E-1	-6.10536E-2	+7.73994E-2
+3.10640E+0	+1.62643E-1	-6.77675E-2	+7.65719E-2
+3.11950E+0	+1.50238E-1	-7.31843E-2	+7.56901E-2
+3.13260E+0	+1.37810E-1	-7.73042E-2	+7.47278E-2
+3.14570E+0	+1.25360E-1	-8.37892E-2	+7.36956E-2
+3.15880E+0	+1.12890E-1	-9.32497E-2	+7.25680E-2
+3.17190E+0	+1.00402E-1	-1.00269E-1	+7.13445E-2
+3.18500E+0	+8.78986E-2	-1.09805E-1	+6.99998E-2
+3.19820E+0	+7.52855E-2	-1.16672E-1	+6.85158E-2
+3.21130E+0	+6.27561E-2	-1.26285E-1	+6.69053E-2
+3.22440E+0	+5.02167E-2	-1.35211E-1	+6.51652E-2
+3.23750E+0	+3.76695E-2	-1.48181E-1	+6.32691E-2
+3.25060E+0	+2.51163E-2	-1.56650E-1	+6.12213E-2
+3.26370E+0	+1.25591E-2	-1.69391E-1	+5.90077E-2
+3.27680E+0	+4.48686E-15	-1.83048E-1	+5.66477E-2
+3.28990E+0	-1.25591E-2	-1.98840E-1	+5.40845E-2
+3.30300E+0	-2.51163E-2	-2.11887E-1	+5.13305E-2
+3.31610E+0	-3.76695E-2	-2.28977E-1	+4.83822E-2
+3.32920E+0	-5.02167E-2	-2.45532E-1	+4.52593E-2
+3.34230E+0	-6.27561E-2	-2.65674E-1	+4.19280E-2
+3.35540E+0	-7.52855E-2	-2.79788E-1	+3.84120E-2
+3.36860E+0	-8.78986E-2	-2.92301E-1	+3.46882E-2
+3.38170E+0	-1.00402E-1	-3.02371E-1	+3.08678E-2
+3.39480E+0	-1.12890E-1	-3.11603E-1	+2.69104E-2
+3.40790E+0	-1.25360E-1	-3.16562E-1	+2.28720E-2
+3.42100E+0	-1.37810E-1	-3.16104E-1	+1.87826E-2
+3.43410E+0	-1.50238E-1	-3.17783E-1	+1.46784E-2
+3.44720E+0	-1.62643E-1	-3.15036E-1	+1.05526E-2
+3.46030E+0	-1.75022E-1	-3.12290E-1	+6.44007E-3
+3.47340E+0	-1.87374E-1	-3.07254E-1	+2.34936E-3
+3.48650E+0	-1.99696E-1	-3.06415E-1	-1.70629E-3
+3.49960E+0	-2.11986E-1	-3.01685E-1	-5.73245E-3
+3.51270E+0	-2.24243E-1	-2.97717E-1	-9.70341E-3
+3.52580E+0	-2.36465E-1	-2.91156E-1	-1.36134E-2
+3.53890E+0	-2.48649E-1	-2.86731E-1	-1.74449E-2
+3.55210E+0	-2.60887E-1	-2.78568E-1	-2.12273E-2
+3.56520E+0	-2.72990E-1	-2.72006E-1	-2.48867E-2
+3.57830E+0	-2.85051E-1	-2.65293E-1	-2.84482E-2
+3.59140E+0	-2.97066E-1	-2.57282E-1	-3.19002E-2
+3.60450E+0	-3.09035E-1	-2.51483E-1	-3.52529E-2
+3.61760E+0	-3.20955E-1	-2.42709E-1	-3.84906E-2
+3.63070E+0	-3.32825E-1	-2.34470E-1	-4.16145E-2
+3.64380E+0	-3.44641E-1	-2.27146E-1	-4.46197E-2
+3.65690E+0	-3.56404E-1	-2.19211E-1	-4.75132E-2
+3.67000E+0	-3.68110E-1	-2.10208E-1	-5.02855E-2
+3.68310E+0	-3.79759E-1	-1.99527E-1	-5.29400E-2
+3.69620E+0	-3.91347E-1	-1.88388E-1	-5.54670E-2
+3.70930E+0	-4.02873E-1	-1.80454E-1	-5.78795E-2
+3.72240E+0	-4.14336E-1	-1.69162E-1	-6.01662E-2
+3.73560E+0	-4.25821E-1	-1.58939E-1	-6.23499E-2
+3.74870E+0	-4.37151E-1	-1.51462E-1	-6.43874E-2
+3.76180E+0	-4.48412E-1	-1.42459E-1	-6.63055E-2
+3.77490E+0	-4.59602E-1	-1.31854E-1	-6.81033E-2
+3.78800E+0	-4.70720E-1	-1.25369E-1	-6.97849E-2
+3.80110E+0	-4.81764E-1	-1.15604E-1	-7.13505E-2
+3.81420E+0	-4.92731E-1	-1.05075E-1	-7.28083E-2
+3.82730E+0	-5.03621E-1	-1.00650E-1	-7.41671E-2
+3.84040E+0	-5.14432E-1	-9.54622E-2	-7.54223E-2
+3.85350E+0	-5.25161E-1	-8.64595E-2	-7.65836E-2
+3.86660E+0	-5.35807E-1	-7.76857E-2	-7.76554E-2
+3.87970E+0	-5.46369E-1	-7.35658E-2	-7.86512E-2
+3.89280E+0	-5.56845E-1	-6.72334E-2	-7.95658E-2
+3.90590E+0	-5.67233E-1	-6.21980E-2	-8.04093E-2
+3.91910E+0	-5.77610E-1	-5.57130E-2	-8.11966E-2
+3.93220E+0	-5.87816E-1	-5.35005E-2	-8.19134E-2
+3.94530E+0	-5.97930E-1	-5.10591E-2	-8.25808E-2
+3.95840E+0	-6.07950E-1	-4.60237E-2	-8.32021E-2
+3.97150E+0	-6.17873E-1	-4.25142E-2	-8.37767E-2
+3.98460E+0	-6.27700E-1	-3.93098E-2	-8.43100E-2
+3.99770E+0	-6.37427E-1	-3.80891E-2	-8.48102E-2
+4.01080E+0	-6.47054E-1	-3.62581E-2	-8.52749E-2
+4.02390E+0	-6.56578E-1	-3.10701E-2	-8.57137E-2
+4.03700E+0	-6.65999E-1	-3.03072E-2	-8.61211E-2
+4.05010E+0	-6.75315E-1	-2.67976E-2	-8.65040E-2
+4.06320E+0	-6.84525E-1	-2.57295E-2	-8.68613E-2
+4.07630E+0	-6.93626E-1	-2.25252E-2	-8.72064E-2
+4.08940E+0	-7.02618E-1	-2.21437E-2	-8.75288E-2
+4.10260E+0	-7.11567E-1	-2.28303E-2	-8.78376E-2
+4.11570E+0	-7.20335E-1	-2.17622E-2	-8.81248E-2
+4.12880E+0	-7.28990E-1	-1.96260E-2	-8.83996E-2
+4.14190E+0	-7.37529E-1	-1.98549E-2	-8.86598E-2
+4.15500E+0	-7.45952E-1	-1.90156E-2	-8.89092E-2
+4.16810E+0	-7.54258E-1	-1.65742E-2	-8.91480E-2
+4.18120E+0	-7.62444E-1	-1.81001E-2	-8.93752E-2
+4.19430E+0	-7.70511E-1	-1.75661E-2	-8.95919E-2
+4.20740E+0	-7.78456E-1	-1.52772E-2	-8.97999E-2
+4.22050E+0	-7.86278E-1	-1.41328E-2	-8.99989E-2
+4.23360E+0	-7.93975E-1	-1.27595E-2	-9.01906E-2
+4.24670E+0	-8.01548E-1	-1.47432E-2	-9.03764E-2
+4.25980E+0	-8.08994E-1	-1.42091E-2	-9.05538E-2
+4.27290E+0	-8.16313E-1	-1.29121E-2	-9.07221E-2
+4.28610E+0	-8.23557E-1	-1.12337E-2	-9.08888E-2
+4.29920E+0	-8.30616E-1	-1.10811E-2	-9.10427E-2
+4.31230E+0	-8.37544E-1	-1.29121E-2	-9.11976E-2
+4.32540E+0	-8.44340E-1	-1.06233E-2	-9.13463E-2
+4.33850E+0	-8.51003E-1	-9.55520E-3	-9.14863E-2
+4.35160E+0	-8.57531E-1	-1.19966E-2	-9.16229E-2
+4.36470E+0	-8.63925E-1	-1.10811E-2	-9.17552E-2
+4.37780E+0	-8.70181E-1	-8.79226E-3	-9.18828E-2
+4.39090E+0	-8.76301E-1	-8.71596E-3	-9.20026E-2
+4.40400E+0	-8.82283E-1	-1.00893E-2	-9.21209E-2
+4.41710E+0	-8.88125E-1	-9.25002E-3	-9.22356E-2
+4.43020E+0	-8.93827E-1	-7.87673E-3	-9.23453E-2
+4.44330E+0	-8.99388E-1	-7.87673E-3	-9.24531E-2
+4.45640E+0	-9.04807E-1	-8.63967E-3	-9.25548E-2
+4.46960E+0	-9.10124E-1	-6.96120E-3	-9.26561E-2
+4.48270E+0	-9.15256E-1	-7.57155E-3	-9.27508E-2
+4.49580E+0	-9.20243E-1	-9.55520E-3	-9.28453E-2
+4.50890E+0	-9.25086E-1	-3.60427E-3	-9.29359E-2
+4.52200E+0	-9.29782E-1	-4.90127E-3	-9.30214E-2
+4.53510E+0	-9.34332E-1	-4.36721E-3	-9.31063E-2
+4.54820E+0	-9.38734E-1	-4.51980E-3	-9.31890E-2
+4.56130E+0	-9.42989E-1	-7.87673E-3	-9.32673E-2
+4.57440E+0	-9.47094E-1	-5.51162E-3	-9.33419E-2
+4.58750E+0	-9.51051E-1	-2.07839E-3	-9.34130E-2
+4.60060E+0	-9.54857E-1	-2.76504E-3	-9.34852E-2
+4.61370E+0	-9.58512E-1	-3.90945E-3	-9.35534E-2
+4.62680E+0	-9.62017E-1	-5.51162E-3	-9.36162E-2
+4.63990E+0	-9.65369E-1	-3.07021E-3	-9.36807E-2
+4.65310E+0	-9.68594E-1	-3.99924E-4	-9.37385E-2
+4.66620E+0	-9.71640E-1	-9.33981E-4	-9.37954E-2
+4.67930E+0	-9.74533E-1	+4.39310E-4	-9.38515E-2
+4.69240E+0	-9.77273E-1	-7.26638E-3	-9.39069E-2
+4.70550E+0	-9.79858E-1	-4.76218E-4	-9.39545E-2
+4.71860E+0	-9.82289E-1	-4.67238E-3	-9.40023E-2
+4.73170E+0	-9.84564E-1	-4.13833E-3	-9.40501E-2
+4.74480E+0	-9.86685E-1	-2.53615E-3	-9.40935E-2
+4.75790E+0	-9.88650E-1	-4.29091E-3	-9.41382E-2
+4.77100E+0	-9.90459E-1	-3.22280E-3	-9.41763E-2
+4.78410E+0	-9.92111E-1	-1.77321E-3	-9.42155E-2
+4.79720E+0	-9.93608E-1	-1.23916E-3	-9.42502E-2
+4.81030E+0	-9.94947E-1	-4.29091E-3	-9.42835E-2
+4.82340E+0	-9.96129E-1	-6.12197E-3	-9.43161E-2
+4.83660E+0	-9.97162E-1	-2.45986E-3	-9.43453E-2
+4.84970E+0	-9.98029E-1	-1.92580E-3	-9.43709E-2
+4.86280E+0	-9.98738E-1	-1.62063E-3	-9.43947E-2
+4.87590E+0	-9.99290E-1	-1.01028E-3	-9.44209E-2
+4.88900E+0	-9.99685E-1	-1.46804E-3	-9.44387E-2
+4.90210E+0	-9.99921E-1	-3.99924E-4	-9.44618E-2
+4.91520E+0	-1.00000E+0	-1.01028E-3	-9.44778E-2
+4.92830E+0	-9.99921E-1	-9.33981E-4	-9.44939E-2
+4.94140E+0	-9.99685E-1	-8.57687E-4	-9.45062E-2
+4.95450E+0	-9.99290E-1	-1.62063E-3	-9.45196E-2
+4.96760E+0	-9.98738E-1	+1.34134E-4	-9.45296E-2
+4.98070E+0	-9.98029E-1	-2.47336E-4	-9.45399E-2
+4.99380E+0	-9.97162E-1	-1.08657E-3	-9.45475E-2
+5.00700E+0	-9.96129E-1	+1.34134E-4	-9.45569E-2
+5.02010E+0	-9.94947E-1	-1.23916E-3	-9.45628E-2
+5.03320E+0	-9.93608E-1	+2.80442E-3	-9.45663E-2
+5.04630E+0	-9.92111E-1	+2.49925E-3	-9.45740E-2
+5.05940E+0	-9.90459E-1	+1.73631E-3	-9.45758E-2
+5.07250E+0	-9.88650E-1	-1.77321E-3	-9.45793E-2
+5.08560E+0	-9.86685E-1	+2.11778E-3	-9.45785E-2
+5.09870E+0	-9.84564E-1	+1.12596E-3	-9.45816E-2
+5.11180E+0	-9.82289E-1	+4.39310E-4	-9.45801E-2
+5.12490E+0	-9.79858E-1	+3.10960E-3	-9.45766E-2
+5.13800E+0	-9.77273E-1	-3.45168E-3	-9.45722E-2
+5.15110E+0	-9.74533E-1	+6.00877E-3	-9.45708E-2
+5.16420E+0	-9.71640E-1	-3.37539E-3	-9.45682E-2
+5.17730E+0	-9.68594E-1	-5.74050E-3	-9.45598E-2
+5.19050E+0	-9.65369E-1	-2.47336E-4	-9.45545E-2
+5.20360E+0	-9.62017E-1	+2.49925E-3	-9.45428E-2
+5.21670E+0	-9.58512E-1	-7.05099E-4	-9.45355E-2
+5.22980E+0	-9.54857E-1	-7.81393E-4	-9.45235E-2
+5.24290E+0	-9.51051E-1	-5.52512E-4	-9.45102E-2
+5.25600E+0	-9.47094E-1	+5.78400E-5	-9.44982E-2
+5.26910E+0	-9.42989E-1	+1.58372E-3	-9.44843E-2
+5.28220E+0	-9.38734E-1	-9.47479E-5	-9.44674E-2
+5.29530E+0	-9.34332E-1	+5.15604E-4	-9.44493E-2
+5.30840E+0	-9.29782E-1	+7.44485E-4	-9.44300E-2
+5.32150E+0	-9.25086E-1	-1.84540E-5	-9.44089E-2
+5.33460E+0	-9.20243E-1	+1.12596E-3	-9.43899E-2
+5.34770E+0	-9.15256E-1	+2.34666E-3	-9.43660E-2
+5.36080E+0	-9.10124E-1	+4.25401E-3	-9.43413E-2
+5.37400E+0	-9.04807E-1	+1.35484E-3	-9.43161E-2
+5.38710E+0	-8.99388E-1	+4.17771E-3	-9.42872E-2
+5.40020E+0	-8.93827E-1	+8.20779E-4	-9.42599E-2
+5.41330E+0	-8.88125E-1	+1.27854E-3	-9.42267E-2
+5.42640E+0	-8.82283E-1	+1.50742E-3	-9.41937E-2
+5.43950E+0	-8.76301E-1	+2.80442E-3	-9.41593E-2
+5.45260E+0	-8.70181E-1	+2.95701E-3	-9.41251E-2
+5.46570E+0	-8.63925E-1	+2.65183E-3	-9.40887E-2
+5.47880E+0	-8.57531E-1	+2.04148E-3	-9.40503E-2
+5.49190E+0	-8.51003E-1	+1.73631E-3	-9.40104E-2
+5.50500E+0	-8.44340E-1	+5.24583E-3	-9.39677E-2
+5.51810E+0	-8.37544E-1	+3.56736E-3	-9.39214E-2
+5.53120E+0	-8.30616E-1	+4.48289E-3	-9.38738E-2
+5.54430E+0	-8.23557E-1	+4.02513E-3	-9.38249E-2
+5.55750E+0	-8.16313E-1	+3.41477E-3	-9.37733E-2
+5.57060E+0	-8.08994E-1	+3.87254E-3	-9.37203E-2
+5.58370E+0	-8.01548E-1	+5.01695E-3	-9.36664E-2
+5.59680E+0	-7.93975E-1	+5.09324E-3	-9.36080E-2
+5.60990E+0	-7.86278E-1	+5.09324E-3	-9.35466E-2
+5.62300E+0	-7.78456E-1	+6.00877E-3	-9.34837E-2
+5.63610E+0	-7.70511E-1	+6.46653E-3	-9.34213E-2
+5.64920E+0	-7.62444E-1	+4.02513E-3	-9.33554E-2
+5.66230E+0	-7.54258E-1	+6.39024E-3	-9.32851E-2
+5.67540E+0	-7.45952E-1	+6.54283E-3	-9.32146E-2
+5.68850E+0	-7.37529E-1	+6.46653E-3	-9.31393E-2
+5.70160E+0	-7.28990E-1	+3.71995E-3	-9.30605E-2
+5.71470E+0	-7.20335E-1	+7.53465E-3	-9.29807E-2
+5.72780E+0	-7.11567E-1	+7.99241E-3	-9.28964E-2
+5.74100E+0	-7.02618E-1	+8.75535E-3	-9.28079E-2
+5.75410E+0	-6.93626E-1	+6.77171E-3	-9.27173E-2
+5.76720E+0	-6.84525E-1	+9.21311E-3	-9.26229E-2
+5.78030E+0	-6.75315E-1	+7.38206E-3	-9.25253E-2
+5.79340E+0	-6.65999E-1	+8.98423E-3	-9.24255E-2
+5.80650E+0	-6.56578E-1	+8.90794E-3	-9.23185E-2
+5.81960E+0	-6.47054E-1	+1.05101E-2	-9.22100E-2
+5.83270E+0	-6.37427E-1	+7.00059E-3	-9.20966E-2
+5.84580E+0	-6.27700E-1	+7.76353E-3	-9.19777E-2
+5.85890E+0	-6.17873E-1	+9.74717E-3	-9.18562E-2
+5.87200E+0	-6.07950E-1	+9.67088E-3	-9.17255E-2
+5.88510E+0	-5.97930E-1	+1.11968E-2	-9.15935E-2
+5.89820E+0	-5.87816E-1	+8.75535E-3	-9.14559E-2
+5.91130E+0	-5.77610E-1	+1.15019E-2	-9.13140E-2
+5.92450E+0	-5.67233E-1	+1.16545E-2	-9.11657E-2
+5.93760E+0	-5.56845E-1	+1.32567E-2	-9.10132E-2
+5.95070E+0	-5.46369E-1	+1.18071E-2	-9.08522E-2
+5.96380E+0	-5.35807E-1	+1.23412E-2	-9.06813E-2
+5.97690E+0	-5.25161E-1	+1.44011E-2	-9.05133E-2
+5.99000E+0	-5.14432E-1	+1.31804E-2	-9.03347E-2
+6.00310E+0	-5.03621E-1	+1.34856E-2	-9.01444E-2
+6.01620E+0	-4.92731E-1	+1.46300E-2	-8.99461E-2
+6.02930E+0	-4.81764E-1	+1.50115E-2	-8.97432E-2
+6.04240E+0	-4.70720E-1	+1.88262E-2	-8.95353E-2
+6.05550E+0	-4.59602E-1	+1.64610E-2	-8.93132E-2
+6.06860E+0	-4.48412E-1	+1.63085E-2	-8.90813E-2
+6.08170E+0	-4.37151E-1	+1.71477E-2	-8.88339E-2
+6.09480E+0	-4.25821E-1	+2.11150E-2	-8.85842E-2
+6.10800E+0	-4.14336E-1	+2.43956E-2	-8.83200E-2
+6.12110E+0	-4.02873E-1	+2.46245E-2	-8.80467E-2
+6.13420E+0	-3.91347E-1	+2.46245E-2	-8.77581E-2
+6.14730E+0	-3.79759E-1	+2.22594E-2	-8.74609E-2
+6.16040E+0	-3.68110E-1	+2.26408E-2	-8.71499E-2
+6.17350E+0	-3.56404E-1	+2.28697E-2	-8.68215E-2
+6.18660E+0	-3.44641E-1	+2.54637E-2	-8.64767E-2
+6.19970E+0	-3.32825E-1	+2.67607E-2	-8.61146E-2
+6.21280E+0	-3.20955E-1	+2.92021E-2	-8.57370E-2
+6.22590E+0	-3.09035E-1	+3.01177E-2	-8.53363E-2
+6.23900E+0	-2.97066E-1	+3.30931E-2	-8.49156E-2
+6.25210E+0	-2.85051E-1	+3.43138E-2	-8.44745E-2
+6.26520E+0	-2.72990E-1	+3.68315E-2	-8.40141E-2
+6.27830E+0	-2.60887E-1	+3.82048E-2	-8.35237E-2
+6.29150E+0	-2.48649E-1	+4.30876E-2	-8.30006E-2
+6.30460E+0	-2.36465E-1	+4.36980E-2	-8.24515E-2
+6.31770E+0	-2.24243E-1	+4.75127E-2	-8.18729E-2
+6.33080E+0	-2.11986E-1	+5.20903E-2	-8.12532E-2
+6.34390E+0	-1.99696E-1	+5.46843E-2	-8.05929E-2
+6.35700E+0	-1.87374E-1	+5.54472E-2	-7.98969E-2
+6.37010E+0	-1.75022E-1	+5.80412E-2	-7.91611E-2
+6.38320E+0	-1.62643E-1	+6.55943E-2	-7.83658E-2
+6.39630E+0	-1.50238E-1	+7.34526E-2	-7.75101E-2
+6.40940E+0	-1.37810E-1	+7.45970E-2	-7.65797E-2
+6.42250E+0	-1.25360E-1	+8.23790E-2	-7.55818E-2
+6.43560E+0	-1.12890E-1	+8.82536E-2	-7.44832E-2
+6.44870E+0	-1.00402E-1	+9.63408E-2	-7.32798E-2
+6.46180E+0	-8.78986E-2	+1.01529E-1	-7.19743E-2
+6.47500E+0	-7.52855E-2	+1.12363E-1	-7.05375E-2
+6.48810E+0	-6.27561E-2	+1.21442E-1	-6.89726E-2
+6.50120E+0	-5.02167E-2	+1.33877E-1	-6.72516E-2
+6.51430E+0	-3.76695E-2	+1.43872E-1	-6.53921E-2
+6.52740E+0	-2.51163E-2	+1.57986E-1	-6.33741E-2
+6.54050E+0	-1.25591E-2	+1.72635E-1	-6.11758E-2
+6.55360E+0	-7.75427E-15	+1.99338E-1	-5.87921E-2
+6.56670E+0	+1.25591E-2	+2.01626E-1	-5.62620E-2
+6.57980E+0	+2.51163E-2	+2.20013E-1	-5.35292E-2
+6.59290E+0	+3.76695E-2	+2.35196E-1	-5.06006E-2
+6.60600E+0	+5.02167E-2	+2.54880E-1	-4.74548E-2
+6.61910E+0	+6.27561E-2	+2.68155E-1	-4.41245E-2
+6.63220E+0	+7.52855E-2	+2.84405E-1	-4.05710E-2
+6.64540E+0	+8.78986E-2	+2.96918E-1	-3.68055E-2
+6.65850E+0	+1.00402E-1	+3.05997E-1	-3.28809E-2
+6.67160E+0	+1.12890E-1	+3.13931E-1	-2.88477E-2
+6.68470E+0	+1.25360E-1	+3.17593E-1	-2.47051E-2
+6.69780E+0	+1.37810E-1	+3.19272E-1	-2.04995E-2
+6.71090E+0	+1.50238E-1	+3.21713E-1	-1.62427E-2
+6.72400E+0	+1.62643E-1	+3.22247E-1	-1.19788E-2
+6.73710E+0	+1.75022E-1	+3.19806E-1	-7.70113E-3
+6.75020E+0	+1.87374E-1	+3.19653E-1	-3.43819E-3
+6.76330E+0	+1.99696E-1	+3.16830E-1	+8.09504E-4
+6.77640E+0	+2.11986E-1	+3.14160E-1	+5.00384E-3
+6.78950E+0	+2.24243E-1	+3.11947E-1	+9.15127E-3
+6.80260E+0	+2.36465E-1	+3.06378E-1	+1.32366E-2
+6.81570E+0	+2.48649E-1	+2.99054E-1	+1.72578E-2
+6.82890E+0	+2.60887E-1	+2.93179E-1	+2.12170E-2
+6.84200E+0	+2.72990E-1	+2.86847E-1	+2.50611E-2
+6.85510E+0	+2.85051E-1	+2.80209E-1	+2.88041E-2
+6.86820E+0	+2.97066E-1	+2.70444E-1	+3.24442E-2
+6.88130E+0	+3.09035E-1	+2.61212E-1	+3.59645E-2
+6.89440E+0	+3.20955E-1	+2.50760E-1	+3.93710E-2
+6.90750E+0	+3.32825E-1	+2.43359E-1	+4.26544E-2
+6.92060E+0	+3.44641E-1	+2.34662E-1	+4.58225E-2
+6.93370E+0	+3.56404E-1	+2.26956E-1	+4.88625E-2
+6.94680E+0	+3.68110E-1	+2.18716E-1	+5.17815E-2
+6.95990E+0	+3.79759E-1	+2.09256E-1	+5.45733E-2
+6.97300E+0	+3.91347E-1	+2.01169E-1	+5.72372E-2
+6.98610E+0	+4.02873E-1	+1.90259E-1	+5.97618E-2
+6.99920E+0	+4.14336E-1	+1.79959E-1	+6.21512E-2
+7.01240E+0	+4.25821E-1	+1.67294E-1	+6.44274E-2
+7.02550E+0	+4.37151E-1	+1.57834E-1	+6.65532E-2
+7.03860E+0	+4.48412E-1	+1.47610E-1	+6.85494E-2
+7.05170E+0	+4.59602E-1	+1.35556E-1	+7.04160E-2
+7.06480E+0	+4.70720E-1	+1.28232E-1	+7.21602E-2
+7.07790E+0	+4.81764E-1	+1.20297E-1	+7.37807E-2
+7.09100E+0	+4.92731E-1	+1.10455E-1	+7.52863E-2
+7.10410E+0	+5.03621E-1	+1.01376E-1	+7.66771E-2
+7.11720E+0	+5.14432E-1	+9.35179E-2	+7.79683E-2
+7.13030E+0	+5.25161E-1	+8.94743E-2	+7.91514E-2
+7.14340E+0	+5.35807E-1	+8.00139E-2	+8.02434E-2
+7.15650E+0	+5.46369E-1	+7.31474E-2	+8.12531E-2
+7.16960E+0	+5.56845E-1	+6.70439E-2	+8.21787E-2
+7.18270E+0	+5.67233E-1	+6.28478E-2	+8.30321E-2
+7.19590E+0	+5.77610E-1	+5.68968E-2	+8.38220E-2
+7.20900E+0	+5.87816E-1	+4.96489E-2	+8.45482E-2
+7.22210E+0	+5.97930E-1	+5.04118E-2	+8.52089E-2
+7.23520E+0	+6.07950E-1	+4.30876E-2	+8.58200E-2
+7.24830E+0	+6.17873E-1	+4.14092E-2	+8.63888E-2
+7.26140E+0	+6.27700E-1	+4.07225E-2	+8.69131E-2
+7.27450E+0	+6.37427E-1	+3.63738E-2	+8.74061E-2
+7.28760E+0	+6.47054E-1	+3.53056E-2	+8.78598E-2
+7.30070E+0	+6.56578E-1	+2.87444E-2	+8.82822E-2
+7.31380E+0	+6.65999E-1	+2.89732E-2	+8.86789E-2
+7.32690E+0	+6.75315E-1	+2.71422E-2	+8.90486E-2
+7.34000E+0	+6.84525E-1	+2.56163E-2	+8.93994E-2
+7.35310E+0	+6.93626E-1	+2.25646E-2	+8.97205E-2
+7.36620E+0	+7.02618E-1	+2.16490E-2	+9.00280E-2
+7.37940E+0	+7.11567E-1	+2.05046E-2	+9.03199E-2
+7.39250E+0	+7.20335E-1	+2.13439E-2	+9.05931E-2
+7.40560E+0	+7.28990E-1	+1.95891E-2	+9.08526E-2
+7.41870E+0	+7.37529E-1	+1.91313E-2	+9.10981E-2
+7.43180E+0	+7.45952E-1	+1.69951E-2	+9.13310E-2
+7.44490E+0	+7.54258E-1	+1.30278E-2	+9.15501E-2
+7.45800E+0	+7.62444E-1	+1.73003E-2	+9.17624E-2
+7.47110E+0	+7.70511E-1	+1.50115E-2	+9.19645E-2
+7.48420E+0	+7.78456E-1	+1.21886E-2	+9.21548E-2
+7.49730E+0	+7.86278E-1	+1.38670E-2	+9.23358E-2
+7.51040E+0	+7.93975E-1	+1.36382E-2	+9.25072E-2
+7.52350E+0	+8.01548E-1	+1.16545E-2	+9.26709E-2
+7.53660E+0	+8.08994E-1	+8.75535E-3	+9.28287E-2
+7.54970E+0	+8.16313E-1	+1.27226E-2	+9.29773E-2
+7.56290E+0	+8.23557E-1	+1.05864E-2	+9.31235E-2
+7.57600E+0	+8.30616E-1	+1.02812E-2	+9.32634E-2
+7.58910E+0	+8.37544E-1	+1.01286E-2	+9.33943E-2
+7.60220E+0	+8.44340E-1	+8.90794E-3	+9.35202E-2
+7.61530E+0	+8.51003E-1	+1.01286E-2	+9.36422E-2
+7.62840E+0	+8.57531E-1	+6.92430E-3	+9.37592E-2
+7.64150E+0	+8.63925E-1	+5.93247E-3	+9.38689E-2
+7.65460E+0	+8.70181E-1	+5.24583E-3	+9.39750E-2
+7.66770E+0	+8.76301E-1	+5.55100E-3	+9.40782E-2
+7.68080E+0	+8.82283E-1	+4.78806E-3	+9.41775E-2
+7.69390E+0	+8.88125E-1	+5.24583E-3	+9.42715E-2
+7.70700E+0	+8.93827E-1	+6.08506E-3	+9.43625E-2
+7.72010E+0	+8.99388E-1	+8.83164E-3	+9.44473E-2
+7.73320E+0	+9.04807E-1	+5.47471E-3	+9.45317E-2
+7.74640E+0	+9.10124E-1	+9.06053E-3	+9.46100E-2
+7.75950E+0	+9.15256E-1	+3.56736E-3	+9.46867E-2
+7.77260E+0	+9.20243E-1	+5.70359E-3	+9.47572E-2
+7.78570E+0	+9.25086E-1	+4.25401E-3	+9.48265E-2
+7.79880E+0	+9.29782E-1	+4.02513E-3	+9.48962E-2
+7.81190E+0	+9.34332E-1	+5.09324E-3	+9.49585E-2
+7.82500E+0	+9.38734E-1	+4.25401E-3	+9.50180E-2
+7.83810E+0	+9.42989E-1	+3.10960E-3	+9.50758E-2
+7.85120E+0	+9.47094E-1	+2.65183E-3	+9.51318E-2
+7.86430E+0	+9.51051E-1	+2.19407E-3	+9.51821E-2
+7.87740E+0	+9.54857E-1	-9.47479E-5	+9.52342E-2
+7.89050E+0	+9.58512E-1	+2.88072E-3	+9.52803E-2
+7.90360E+0	+9.62017E-1	+5.55100E-3	+9.53230E-2
+7.91670E+0	+9.65369E-1	+1.58372E-3	+9.53681E-2
+7.92990E+0	+9.68594E-1	-1.01028E-3	+9.54042E-2
+7.94300E+0	+9.71640E-1	-1.16286E-3	+9.54413E-2
+7.95610E+0	+9.74533E-1	-3.22280E-3	+9.54780E-2
+7.96920E+0	+9.77273E-1	+4.63548E-3	+9.55165E-2
+7.98230E+0	+9.79858E-1	+5.78400E-5	+9.55391E-2
+7.99540E+0	+9.82289E-1	+1.88889E-3	+9.55661E-2
+8.00850E+0	+9.84564E-1	+2.49925E-3	+9.55910E-2
+8.02160E+0	+9.86685E-1	+9.73367E-4	+9.56134E-2
+8.03470E+0	+9.88650E-1	+2.57554E-3	+9.56384E-2
+8.04780E+0	+9.90459E-1	-9.47479E-5	+9.56537E-2
+8.06090E+0	+9.92111E-1	+1.43113E-3	+9.56692E-2
+8.07400E+0	+9.93608E-1	+5.15604E-4	+9.56836E-2
+8.08710E+0	+9.94947E-1	+3.10960E-3	+9.56972E-2
+8.10020E+0	+9.96129E-1	+3.26219E-3	+9.57080E-2
+8.11340E+0	+9.97162E-1	+1.43113E-3	+9.57172E-2
+8.12650E+0	+9.98029E-1	+5.15604E-4	+9.57200E-2
+8.13960E+0	+9.98738E-1	+8.20779E-4	+9.57256E-2
+8.15270E+0	+9.99290E-1	-7.05099E-4	+9.57290E-2
+8.16580E+0	+9.99685E-1	-7.05099E-4	+9.57264E-2
+8.17890E+0	+9.99921E-1	-1.62063E-3	+9.57301E-2
+8.19200E+0	+1.00000E+0	-3.99924E-4	+9.57263E-2
+8.20510E+0	+9.99921E-1	+2.86722E-4	+9.57212E-2
+8.21820E+0	+9.99685E-1	-8.57687E-4	+9.57115E-2
+8.23130E+0	+9.99290E-1	-9.47479E-5	+9.57037E-2
+8.24440E+0	+9.98738E-1	-7.05099E-4	+9.56935E-2
+8.25750E+0	+9.98029E-1	-1.77321E-3	+9.56806E-2
+8.27060E+0	+9.97162E-1	-1.08657E-3	+9.56698E-2
+8.28380E+0	+9.96129E-1	-2.15468E-3	+9.56574E-2
+8.29690E+0	+9.94947E-1	-2.47336E-4	+9.56429E-2
+8.31000E+0	+9.93608E-1	-5.58791E-3	+9.56254E-2
+8.32310E+0	+9.92111E-1	-5.28274E-3	+9.56109E-2
+8.33620E+0	+9.90459E-1	-2.45986E-3	+9.55920E-2
+8.34930E+0	+9.88650E-1	-3.23630E-4	+9.55762E-2
+8.36240E+0	+9.86685E-1	-2.99392E-3	+9.55540E-2
+8.37550E+0	+9.84564E-1	-1.16286E-3	+9.55355E-2
+8.38860E+0	+9.82289E-1	-2.15468E-3	+9.55133E-2
+8.40170E+0	+9.79858E-1	-5.89309E-3	+9.54892E-2
+8.41480E+0	+9.77273E-1	+1.96519E-3	+9.54659E-2
+8.42790E+0	+9.74533E-1	-8.02932E-3	+9.54421E-2
+8.44100E+0	+9.71640E-1	+1.43113E-3	+9.54175E-2
+8.45410E+0	+9.68594E-1	+4.94065E-3	+9.53873E-2
+8.46730E+0	+9.65369E-1	-3.23630E-4	+9.53607E-2
+8.48040E+0	+9.62017E-1	-5.58791E-3	+9.53277E-2
+8.49350E+0	+9.58512E-1	-1.01028E-3	+9.52990E-2
+8.50660E+0	+9.54857E-1	+5.78400E-5	+9.52657E-2
+8.51970E+0	+9.51051E-1	-8.57687E-4	+9.52321E-2
+8.53280E+0	+9.47094E-1	-1.08657E-3	+9.51986E-2
+8.54590E+0	+9.42989E-1	-4.36721E-3	+9.51615E-2
+8.55900E+0	+9.38734E-1	-1.16286E-3	+9.51253E-2
+8.57210E+0	+9.34332E-1	-3.29909E-3	+9.50872E-2
+8.58520E+0	+9.29782E-1	-2.61245E-3	+9.50487E-2
+8.59830E+0	+9.25086E-1	-2.07839E-3	+9.50059E-2
+8.61140E+0	+9.20243E-1	-4.67238E-3	+9.49629E-2
+8.62450E+0	+9.15256E-1	-3.45168E-3	+9.49181E-2
+8.63760E+0	+9.10124E-1	-3.75686E-3	+9.48730E-2
+8.65080E+0	+9.04807E-1	-5.89309E-3	+9.48252E-2
+8.66390E+0	+8.99388E-1	-2.00210E-3	+9.47764E-2
+8.67700E+0	+8.93827E-1	-3.52798E-3	+9.47248E-2
+8.69010E+0	+8.88125E-1	-5.74050E-3	+9.46743E-2
+8.70320E+0	+8.82283E-1	-2.07839E-3	+9.46225E-2
+8.71630E+0	+8.76301E-1	-3.60427E-3	+9.45671E-2
+8.72940E+0	+8.70181E-1	-2.84133E-3	+9.45097E-2
+8.74250E+0	+8.63925E-1	-3.29909E-3	+9.44516E-2
+8.75560E+0	+8.57531E-1	-5.35903E-3	+9.43918E-2
+8.76870E+0	+8.51003E-1	-4.21462E-3	+9.43280E-2
+8.78180E+0	+8.44340E-1	-2.84133E-3	+9.42651E-2
+8.79490E+0	+8.37544E-1	-6.96120E-3	+9.41997E-2
+8.80800E+0	+8.30616E-1	-4.51980E-3	+9.41323E-2
+8.82110E+0	+8.23557E-1	-5.05385E-3	+9.40623E-2
+8.83430E+0	+8.16313E-1	-7.72414E-3	+9.39881E-2
+8.84740E+0	+8.08994E-1	-4.21462E-3	+9.39144E-2
+8.86050E+0	+8.01548E-1	-3.60427E-3	+9.38379E-2
+8.87360E+0	+7.93975E-1	-6.57973E-3	+9.37604E-2
+8.88670E+0	+7.86278E-1	-5.43532E-3	+9.36797E-2
+8.89980E+0	+7.78456E-1	-5.28274E-3	+9.35966E-2
+8.91290E+0	+7.70511E-1	-7.26638E-3	+9.35117E-2
+8.92600E+0	+7.62444E-1	-5.74050E-3	+9.34216E-2
+8.93910E+0	+7.54258E-1	-5.43532E-3	+9.33286E-2
+8.95220E+0	+7.45952E-1	-7.95302E-3	+9.32368E-2
+8.96530E+0	+7.37529E-1	-7.34267E-3	+9.31404E-2
+8.97840E+0	+7.28990E-1	-7.34267E-3	+9.30394E-2
+8.99150E+0	+7.20335E-1	-8.63967E-3	+9.29369E-2
+9.00460E+0	+7.11567E-1	-9.25002E-3	+9.28292E-2
+9.01780E+0	+7.02618E-1	-9.78408E-3	+9.27193E-2
+9.03090E+0	+6.93626E-1	-1.01655E-2	+9.26066E-2
+9.04400E+0	+6.84525E-1	-1.08522E-2	+9.24950E-2
+9.05710E+0	+6.75315E-1	-1.10048E-2	+9.23729E-2
+9.07020E+0	+6.65999E-1	-1.10811E-2	+9.22505E-2
+9.08330E+0	+6.56578E-1	-9.70779E-3	+9.21207E-2
+9.09640E+0	+6.47054E-1	-1.16914E-2	+9.19920E-2
+9.10950E+0	+6.37427E-1	-1.03944E-2	+9.18568E-2
+9.12260E+0	+6.27700E-1	-9.32632E-3	+9.17168E-2
+9.13570E+0	+6.17873E-1	-1.07759E-2	+9.15728E-2
+9.14880E+0	+6.07950E-1	-1.30647E-2	+9.14221E-2
+9.16190E+0	+5.97930E-1	-1.42854E-2	+9.12714E-2
+9.17500E+0	+5.87816E-1	-9.02114E-3	+9.11128E-2
+9.18810E+0	+5.77610E-1	-1.47432E-2	+9.09481E-2
+9.20130E+0	+5.67233E-1	-1.37514E-2	+9.07751E-2
+9.21440E+0	+5.56845E-1	-1.33699E-2	+9.05983E-2
+9.22750E+0	+5.46369E-1	-1.53535E-2	+9.04143E-2
+9.24060E+0	+5.35807E-1	-1.62691E-2	+9.02301E-2
+9.25370E+0	+5.25161E-1	-1.52772E-2	+9.00324E-2
+9.26680E+0	+5.14432E-1	-1.40565E-2	+8.98283E-2
+9.27990E+0	+5.03621E-1	-1.67268E-2	+8.96182E-2
+9.29300E+0	+4.92731E-1	-1.63454E-2	+8.94016E-2
+9.30610E+0	+4.81764E-1	-1.80238E-2	+8.91775E-2
+9.31920E+0	+4.70720E-1	-1.84816E-2	+8.89442E-2
+9.33230E+0	+4.59602E-1	-1.55824E-2	+8.86983E-2
+9.34540E+0	+4.48412E-1	-2.07704E-2	+8.84441E-2
+9.35850E+0	+4.37151E-1	-2.38222E-2	+8.81836E-2
+9.37160E+0	+4.25821E-1	-2.38985E-2	+8.79102E-2
+9.38480E+0	+4.14336E-1	-2.28303E-2	+8.76275E-2
+9.39790E+0	+4.02873E-1	-2.29829E-2	+8.73315E-2
+9.41100E+0	+3.91347E-1	-2.25252E-2	+8.70273E-2
+9.42410E+0	+3.79759E-1	-2.29829E-2	+8.67001E-2
+9.43720E+0	+3.68110E-1	-2.30592E-2	+8.63605E-2
+9.45030E+0	+3.56404E-1	-2.70265E-2	+8.60062E-2
+9.46340E+0	+3.44641E-1	-2.92390E-2	+8.56387E-2
+9.47650E+0	+3.32825E-1	-2.99257E-2	+8.52513E-2
+9.48960E+0	+3.20955E-1	-3.10701E-2	+8.48486E-2
+9.50270E+0	+3.09035E-1	-3.45033E-2	+8.44249E-2
+9.51580E+0	+2.97066E-1	-3.60292E-2	+8.39844E-2
+9.52890E+0	+2.85051E-1	-4.00728E-2	+8.35208E-2
+9.54200E+0	+2.72990E-1	-4.04542E-2	+8.30310E-2
+9.55510E+0	+2.60887E-1	-4.31245E-2	+8.25136E-2
+9.56830E+0	+2.48649E-1	-4.37349E-2	+8.19679E-2
+9.58140E+0	+2.36465E-1	-4.74733E-2	+8.13954E-2
+9.59450E+0	+2.24243E-1	-4.75496E-2	+8.07869E-2
+9.60760E+0	+2.11986E-1	-5.37294E-2	+8.01469E-2
+9.62070E+0	+1.99696E-1	-5.56367E-2	+7.94685E-2
+9.63380E+0	+1.87374E-1	-6.05958E-2	+7.87499E-2
+9.64690E+0	+1.75022E-1	-6.18928E-2	+7.79733E-2
+9.66000E+0	+1.62643E-1	-6.80727E-2	+7.71441E-2
+9.67310E+0	+1.50238E-1	-7.18874E-2	+7.62585E-2
+9.68620E+0	+1.37810E-1	-7.80672E-2	+7.52953E-2
+9.69930E+0	+1.25360E-1	-8.45521E-2	+7.42574E-2
+9.71240E+0	+1.12890E-1	-9.30208E-2	+7.31268E-2
+9.72550E+0	+1.00402E-1	-1.00345E-1	+7.19033E-2
+9.73860E+0	+8.78986E-2	-1.10111E-1	+7.05553E-2
+9.75180E+0	+7.52855E-2	-1.15756E-1	+6.90735E-2
+9.76490E+0	+6.27561E-2	-1.25598E-1	+6.74659E-2
+9.77800E+0	+5.02167E-2	-1.34601E-1	+6.57315E-2
+9.79110E+0	+3.76695E-2	-1.47800E-1	+6.38401E-2
+9.80420E+0	+2.51163E-2	-1.57260E-1	+6.18029E-2
+9.81730E+0	+1.25591E-2	-1.69620E-1	+5.95973E-2
+9.83040E+0	+1.14834E-14	-1.79691E-1	+5.72466E-2
+9.84350E+0	-1.25591E-2	-1.98535E-1	+5.46908E-2
+9.85660E+0	-2.51163E-2	-2.12497E-1	+5.19391E-2
+9.86970E+0	-3.76695E-2	-2.30045E-1	+4.89933E-2
+9.88280E+0	-5.02167E-2	-2.45761E-1	+4.58682E-2
+9.89590E+0	-6.27561E-2	-2.65598E-1	+4.25311E-2
+9.90900E+0	-7.52855E-2	-2.80017E-1	+3.90055E-2
+9.92220E+0	-8.78986E-2	-2.92148E-1	+3.52698E-2
+9.93530E+0	-1.00402E-1	-3.03592E-1	+3.14362E-2
+9.94840E+0	-1.12890E-1	-3.12747E-1	+2.74622E-2
+9.96150E+0	-1.25360E-1	-3.17630E-1	+2.34118E-2
+9.97460E+0	-1.37810E-1	-3.18469E-1	+1.93010E-2
+9.98770E+0	-1.50238E-1	-3.19309E-1	+1.51767E-2
+1.00008E+1	-1.62643E-1	-3.17172E-1	+1.10303E-2
+1.00139E+1	-1.75022E-1	-3.14807E-1	+6.89545E-3
+1.00270E+1	-1.87374E-1	-3.09543E-1	+2.78150E-3
+1.00401E+1	-1.99696E-1	-3.07712E-1	-1.29775E-3
+1.00532E+1	-2.11986E-1	-3.02982E-1	-5.34929E-3
+1.00663E+1	-2.24243E-1	-2.99548E-1	-9.34568E-3
+1.00794E+1	-2.36465E-1	-2.93979E-1	-1.32779E-2
+1.00925E+1	-2.48649E-1	-2.88562E-1	-1.71353E-2
+1.01057E+1	-2.60887E-1	-2.81925E-1	-2.09404E-2
+1.01188E+1	-2.72990E-1	-2.74143E-1	-2.46217E-2
+1.01319E+1	-2.85051E-1	-2.67047E-1	-2.82044E-2
+1.01450E+1	-2.97066E-1	-2.59418E-1	-3.16766E-2
+1.01581E+1	-3.09035E-1	-2.51712E-1	-3.50467E-2
+1.01712E+1	-3.20955E-1	-2.43549E-1	-3.83011E-2
+1.01843E+1	-3.32825E-1	-2.37216E-1	-4.14392E-2
+1.01974E+1	-3.44641E-1	-2.28900E-1	-4.44555E-2
+1.02105E+1	-3.56404E-1	-2.19516E-1	-4.73608E-2
+1.02236E+1	-3.68110E-1	-2.11582E-1	-5.01405E-2
+1.02367E+1	-3.79759E-1	-2.00214E-1	-5.27993E-2
+1.02498E+1	-3.91347E-1	-1.89304E-1	-5.53287E-2
+1.02629E+1	-4.02873E-1	-1.79386E-1	-5.77410E-2
+1.02760E+1	-4.14336E-1	-1.69086E-1	-6.00244E-2
+1.02892E+1	-4.25821E-1	-1.57565E-1	-6.22017E-2
+1.03023E+1	-4.37151E-1	-1.50241E-1	-6.42330E-2
+1.03154E+1	-4.48412E-1	-1.41391E-1	-6.61404E-2
+1.03285E+1	-4.59602E-1	-1.31473E-1	-6.79274E-2
+1.03416E+1	-4.70720E-1	-1.24301E-1	-6.95957E-2
+1.03547E+1	-4.81764E-1	-1.14993E-1	-7.11468E-2
+1.03678E+1	-4.92731E-1	-1.03549E-1	-7.25902E-2
+1.03809E+1	-5.03621E-1	-9.89717E-2	-7.39309E-2
+1.03940E+1	-5.14432E-1	-9.38600E-2	-7.51707E-2
+1.04071E+1	-5.25161E-1	-8.49336E-2	-7.63148E-2
+1.04202E+1	-5.35807E-1	-7.62361E-2	-7.73707E-2
+1.04333E+1	-5.46369E-1	-7.29555E-2	-7.83512E-2
+1.04464E+1	-5.56845E-1	-6.63179E-2	-7.92508E-2
+1.04595E+1	-5.67233E-1	-6.14351E-2	-8.00807E-2
+1.04727E+1	-5.77610E-1	-5.54842E-2	-8.08541E-2
+1.04858E+1	-5.87816E-1	-5.30427E-2	-8.15589E-2
+1.04989E+1	-5.97930E-1	-4.95332E-2	-8.22143E-2
+1.05120E+1	-6.07950E-1	-4.34297E-2	-8.28259E-2
+1.05251E+1	-6.17873E-1	-4.13698E-2	-8.33904E-2
+1.05382E+1	-6.27700E-1	-3.94624E-2	-8.39144E-2
+1.05513E+1	-6.37427E-1	-3.64107E-2	-8.44071E-2
+1.05644E+1	-6.47054E-1	-3.48848E-2	-8.48638E-2
+1.05775E+1	-6.56578E-1	-2.98494E-2	-8.52961E-2
+1.05906E+1	-6.65999E-1	-2.93916E-2	-8.56984E-2
+1.06037E+1	-6.75315E-1	-2.71028E-2	-8.60768E-2
+1.06168E+1	-6.84525E-1	-2.56532E-2	-8.64288E-2
+1.06299E+1	-6.93626E-1	-2.27540E-2	-8.67692E-2
+1.06430E+1	-7.02618E-1	-2.17622E-2	-8.70874E-2
+1.06562E+1	-7.11567E-1	-2.03889E-2	-8.73923E-2
+1.06693E+1	-7.20335E-1	-2.16096E-2	-8.76767E-2
+1.06824E+1	-7.28990E-1	-1.94734E-2	-8.79488E-2
+1.06955E+1	-7.37529E-1	-2.06178E-2	-8.82064E-2
+1.07086E+1	-7.45952E-1	-1.90156E-2	-8.84525E-2
+1.07217E+1	-7.54258E-1	-1.68031E-2	-8.86897E-2
+1.07348E+1	-7.62444E-1	-1.68794E-2	-8.89148E-2
+1.07479E+1	-7.70511E-1	-1.81001E-2	-8.91290E-2
+1.07610E+1	-7.78456E-1	-1.43617E-2	-8.93357E-2
+1.07741E+1	-7.86278E-1	-1.44380E-2	-8.95322E-2
+1.07872E+1	-7.93975E-1	-1.38277E-2	-8.97225E-2
+1.08003E+1	-8.01548E-1	-1.50484E-2	-8.99075E-2
+1.08134E+1	-8.08994E-1	-1.35225E-2	-9.00835E-2
+1.08265E+1	-8.16313E-1	-1.30647E-2	-9.02517E-2
+1.08397E+1	-8.23557E-1	-1.16151E-2	-9.04162E-2
+1.08528E+1	-8.30616E-1	-1.07759E-2	-9.05695E-2
+1.08659E+1	-8.37544E-1	-1.24544E-2	-9.07231E-2
+1.08790E+1	-8.44340E-1	-9.86037E-3	-9.08705E-2
+1.08921E+1	-8.51003E-1	-8.86855E-3	-9.10105E-2
+1.09052E+1	-8.57531E-1	-1.27595E-2	-9.11451E-2
+1.09183E+1	-8.63925E-1	-1.12337E-2	-9.12761E-2
+1.09314E+1	-8.70181E-1	-8.41079E-3	-9.14025E-2
+1.09445E+1	-8.76301E-1	-8.48708E-3	-9.15222E-2
+1.09576E+1	-8.82283E-1	-9.55520E-3	-9.16405E-2
+1.09707E+1	-8.88125E-1	-1.00893E-2	-9.17533E-2
+1.09838E+1	-8.93827E-1	-7.49526E-3	-9.18630E-2
+1.09969E+1	-8.99388E-1	-6.88491E-3	-9.19698E-2
+1.10100E+1	-9.04807E-1	-9.55520E-3	-9.20714E-2
+1.10232E+1	-9.10124E-1	-6.42715E-3	-9.21716E-2
+1.10363E+1	-9.15256E-1	-7.34267E-3	-9.22648E-2
+1.10494E+1	-9.20243E-1	-9.40261E-3	-9.23598E-2
+1.10625E+1	-9.25086E-1	-3.90945E-3	-9.24487E-2
+1.10756E+1	-9.29782E-1	-4.90127E-3	-9.25338E-2
+1.10887E+1	-9.34332E-1	-4.21462E-3	-9.26176E-2
+1.11018E+1	-9.38734E-1	-4.21462E-3	-9.26991E-2
+1.11149E+1	-9.42989E-1	-7.72414E-3	-9.27774E-2
+1.11280E+1	-9.47094E-1	-6.27456E-3	-9.28515E-2
+1.11411E+1	-9.51051E-1	-2.07839E-3	-9.29218E-2
+1.11542E+1	-9.54857E-1	-3.14651E-3	-9.29930E-2
+1.11673E+1	-9.58512E-1	-3.98574E-3	-9.30607E-2
+1.11804E+1	-9.62017E-1	-5.81679E-3	-9.31230E-2
+1.11935E+1	-9.65369E-1	-2.30727E-3	-9.31869E-2
+1.12067E+1	-9.68594E-1	-7.05099E-4	-9.32445E-2
+1.12198E+1	-9.71640E-1	-7.81393E-4	-9.32998E-2
+1.12329E+1	-9.74533E-1	+5.15604E-4	-9.33556E-2
+1.12460E+1	-9.77273E-1	-7.41897E-3	-9.34110E-2
+1.12591E+1	-9.79858E-1	-1.08657E-3	-9.34587E-2
+1.12722E+1	-9.82289E-1	-4.97756E-3	-9.35051E-2
+1.12853E+1	-9.84564E-1	-4.51980E-3	-9.35529E-2
+1.12984E+1	-9.86685E-1	-2.76504E-3	-9.35953E-2
+1.13115E+1	-9.88650E-1	-3.52798E-3	-9.36401E-2
+1.13246E+1	-9.90459E-1	-2.76504E-3	-9.36778E-2
+1.13377E+1	-9.92111E-1	-2.76504E-3	-9.37170E-2
+1.13508E+1	-9.93608E-1	-2.07839E-3	-9.37513E-2
+1.13639E+1	-9.94947E-1	-4.21462E-3	-9.37841E-2
+1.13770E+1	-9.96129E-1	-5.81679E-3	-9.38166E-2
+1.13902E+1	-9.97162E-1	-2.45986E-3	-9.38445E-2
+1.14033E+1	-9.98029E-1	-1.92580E-3	-9.38707E-2
+1.14164E+1	-9.98738E-1	-1.01028E-3	-9.38940E-2
+1.14295E+1	-9.99290E-1	-1.54433E-3	-9.39201E-2
+1.14426E+1	-9.99685E-1	-1.31545E-3	-9.39375E-2
+1.14557E+1	-9.99921E-1	-1.16286E-3	-9.39593E-2
+1.14688E+1	-1.00000E+0	-1.62063E-3	-9.39757E-2
+1.14819E+1	-9.99921E-1	-7.81393E-4	-9.39914E-2
+1.14950E+1	-9.99685E-1	-1.01028E-3	-9.40040E-2
+1.15081E+1	-9.99290E-1	-7.81393E-4	-9.40169E-2
+1.15212E+1	-9.98738E-1	-5.52512E-4	-9.40268E-2
+1.15343E+1	-9.98029E-1	-9.47479E-5	-9.40364E-2
+1.15474E+1	-9.97162E-1	-1.46804E-3	-9.40438E-2
+1.15606E+1	-9.96129E-1	+6.68192E-4	-9.40539E-2
+1.15737E+1	-9.94947E-1	-1.16286E-3	-9.40595E-2
+1.15868E+1	-9.93608E-1	+3.10960E-3	-9.40632E-2
+1.15999E+1	-9.92111E-1	+2.34666E-3	-9.40700E-2
+1.16130E+1	-9.90459E-1	+1.58372E-3	-9.40717E-2
+1.16261E+1	-9.88650E-1	-1.31545E-3	-9.40747E-2
+1.16392E+1	-9.86685E-1	+2.49925E-3	-9.40739E-2
+1.16523E+1	-9.84564E-1	+3.63016E-4	-9.40763E-2
+1.16654E+1	-9.82289E-1	+3.63016E-4	-9.40759E-2
+1.16785E+1	-9.79858E-1	+2.80442E-3	-9.40719E-2
+1.16916E+1	-9.77273E-1	-3.98574E-3	-9.40666E-2
+1.17047E+1	-9.74533E-1	+5.93247E-3	-9.40651E-2
+1.17178E+1	-9.71640E-1	-3.45168E-3	-9.40628E-2
+1.17309E+1	-9.68594E-1	-5.43532E-3	-9.40544E-2
+1.17441E+1	-9.65369E-1	-1.84540E-5	-9.40490E-2
+1.17572E+1	-9.62017E-1	+2.95701E-3	-9.40373E-2
+1.17703E+1	-9.58512E-1	-1.16286E-3	-9.40303E-2
+1.17834E+1	-9.54857E-1	-3.99924E-4	-9.40183E-2
+1.17965E+1	-9.51051E-1	-3.99924E-4	-9.40043E-2
+1.18096E+1	-9.47094E-1	+5.15604E-4	-9.39923E-2
+1.18227E+1	-9.42989E-1	+1.81260E-3	-9.39791E-2
+1.18358E+1	-9.38734E-1	-8.57687E-4	-9.39616E-2
+1.18489E+1	-9.34332E-1	+3.63016E-4	-9.39438E-2
+1.18620E+1	-9.29782E-1	+1.35484E-3	-9.39249E-2
+1.18751E+1	-9.25086E-1	-1.84540E-5	-9.39034E-2
+1.18882E+1	-9.20243E-1	+1.88889E-3	-9.38844E-2
+1.19013E+1	-9.15256E-1	+2.80442E-3	-9.38609E-2
+1.19144E+1	-9.10124E-1	+4.10142E-3	-9.38364E-2
+1.19276E+1	-9.04807E-1	+2.04148E-3	-9.38119E-2
+1.19407E+1	-8.99388E-1	+4.17771E-3	-9.37828E-2
+1.19538E+1	-8.93827E-1	+5.91898E-4	-9.37555E-2
+1.19669E+1	-8.88125E-1	+9.73367E-4	-9.37223E-2
+1.19800E+1	-8.82283E-1	+1.43113E-3	-9.36896E-2
+1.19931E+1	-8.76301E-1	+2.72813E-3	-9.36545E-2
+1.20062E+1	-8.70181E-1	+4.02513E-3	-9.36210E-2
+1.20193E+1	-8.63925E-1	+2.19407E-3	-9.35837E-2
+1.20324E+1	-8.57531E-1	+1.81260E-3	-9.35466E-2
+1.20455E+1	-8.51003E-1	+1.12596E-3	-9.35059E-2
+1.20586E+1	-8.44340E-1	+4.55918E-3	-9.34634E-2
+1.20717E+1	-8.37544E-1	+3.10960E-3	-9.34178E-2
+1.20848E+1	-8.30616E-1	+4.78806E-3	-9.33707E-2
+1.20979E+1	-8.23557E-1	+3.10960E-3	-9.33216E-2
+1.21111E+1	-8.16313E-1	+4.25401E-3	-9.32705E-2
+1.21242E+1	-8.08994E-1	+3.71995E-3	-9.32162E-2
+1.21373E+1	-8.01548E-1	+4.48289E-3	-9.31628E-2
+1.21504E+1	-7.93975E-1	+5.55100E-3	-9.31049E-2
+1.21635E+1	-7.86278E-1	+4.94065E-3	-9.30434E-2
+1.21766E+1	-7.78456E-1	+5.09324E-3	-9.29803E-2
+1.21897E+1	-7.70511E-1	+6.31394E-3	-9.29181E-2
+1.22028E+1	-7.62444E-1	+4.48289E-3	-9.28528E-2
+1.22159E+1	-7.54258E-1	+6.54283E-3	-9.27814E-2
+1.22290E+1	-7.45952E-1	+6.00877E-3	-9.27114E-2
+1.22421E+1	-7.37529E-1	+6.00877E-3	-9.26365E-2
+1.22552E+1	-7.28990E-1	+3.87254E-3	-9.25567E-2
+1.22683E+1	-7.20335E-1	+6.31394E-3	-9.24770E-2
+1.22814E+1	-7.11567E-1	+8.29759E-3	-9.23927E-2
+1.22946E+1	-7.02618E-1	+8.52647E-3	-9.23046E-2
+1.23077E+1	-6.93626E-1	+7.83982E-3	-9.22134E-2
+1.23208E+1	-6.84525E-1	+9.36570E-3	-9.21193E-2
+1.23339E+1	-6.75315E-1	+8.29759E-3	-9.20222E-2
+1.23470E+1	-6.65999E-1	+9.36570E-3	-9.19220E-2
+1.23601E+1	-6.56578E-1	+8.60276E-3	-9.18146E-2
+1.23732E+1	-6.47054E-1	+9.74717E-3	-9.17058E-2
+1.23863E+1	-6.37427E-1	+7.15318E-3	-9.15928E-2
+1.23994E+1	-6.27700E-1	+8.67906E-3	-9.14733E-2
+1.24125E+1	-6.17873E-1	+1.04338E-2	-9.13531E-2
+1.24256E+1	-6.07950E-1	+1.03575E-2	-9.12223E-2
+1.24387E+1	-5.97930E-1	+1.08153E-2	-9.10906E-2
+1.24518E+1	-5.87816E-1	+9.36570E-3	-9.09534E-2
+1.24649E+1	-5.77610E-1	+1.21886E-2	-9.08120E-2
+1.24781E+1	-5.67233E-1	+1.18071E-2	-9.06634E-2
+1.24912E+1	-5.56845E-1	+1.36382E-2	-9.05105E-2
+1.25043E+1	-5.46369E-1	+1.13493E-2	-9.03499E-2
+1.25174E+1	-5.35807E-1	+1.24175E-2	-9.01792E-2
+1.25305E+1	-5.25161E-1	+1.40959E-2	-9.00118E-2
+1.25436E+1	-5.14432E-1	+1.43248E-2	-8.98318E-2
+1.25567E+1	-5.03621E-1	+1.36382E-2	-8.96424E-2
+1.25698E+1	-4.92731E-1	+1.44011E-2	-8.94445E-2
+1.25829E+1	-4.81764E-1	+1.60033E-2	-8.92404E-2
+1.25960E+1	-4.70720E-1	+1.74529E-2	-8.90333E-2
+1.26091E+1	-4.59602E-1	+1.59270E-2	-8.88119E-2
+1.26222E+1	-4.48412E-1	+1.56218E-2	-8.85797E-2
+1.26353E+1	-4.37151E-1	+1.77580E-2	-8.83327E-2
+1.26484E+1	-4.25821E-1	+2.21831E-2	-8.80835E-2
+1.26616E+1	-4.14336E-1	+2.50823E-2	-8.78184E-2
+1.26747E+1	-4.02873E-1	+2.47771E-2	-8.75454E-2
+1.26878E+1	-3.91347E-1	+2.35564E-2	-8.72569E-2
+1.27009E+1	-3.79759E-1	+2.22594E-2	-8.69600E-2
+1.27140E+1	-3.68110E-1	+2.37090E-2	-8.66487E-2
+1.27271E+1	-3.56404E-1	+2.43193E-2	-8.63218E-2
+1.27402E+1	-3.44641E-1	+2.58452E-2	-8.59762E-2
+1.27533E+1	-3.32825E-1	+2.72185E-2	-8.56145E-2
+1.27664E+1	-3.20955E-1	+2.92021E-2	-8.52368E-2
+1.27795E+1	-3.09035E-1	+3.03465E-2	-8.48374E-2
+1.27926E+1	-2.97066E-1	+3.25591E-2	-8.44170E-2
+1.28057E+1	-2.85051E-1	+3.39324E-2	-8.39765E-2
+1.28188E+1	-2.72990E-1	+3.65263E-2	-8.35163E-2
+1.28319E+1	-2.60887E-1	+3.84337E-2	-8.30256E-2
+1.28451E+1	-2.48649E-1	+4.20195E-2	-8.25040E-2
+1.28582E+1	-2.36465E-1	+4.42320E-2	-8.19551E-2
+1.28713E+1	-2.24243E-1	+4.59868E-2	-8.13748E-2
+1.28844E+1	-2.11986E-1	+5.17088E-2	-8.07576E-2
+1.28975E+1	-1.99696E-1	+5.43028E-2	-8.00985E-2
+1.29106E+1	-1.87374E-1	+5.55998E-2	-7.94029E-2
+1.29237E+1	-1.75022E-1	+5.86516E-2	-7.86655E-2
+1.29368E+1	-1.62643E-1	+6.56706E-2	-7.78719E-2
+1.29499E+1	-1.50238E-1	+7.23082E-2	-7.70145E-2
+1.29630E+1	-1.37810E-1	+7.45207E-2	-7.60852E-2
+1.29761E+1	-1.25360E-1	+8.12346E-2	-7.50886E-2
+1.29892E+1	-1.12890E-1	+8.93218E-2	-7.39909E-2
+1.30023E+1	-1.00402E-1	+9.61882E-2	-7.27844E-2
+1.30154E+1	-8.78986E-2	+1.02444E-1	-7.14831E-2
+1.30286E+1	-7.52855E-2	+1.12820E-1	-7.00480E-2
+1.30417E+1	-6.27561E-2	+1.22128E-1	-6.84833E-2
+1.30548E+1	-5.02167E-2	+1.34488E-1	-6.67640E-2
+1.30679E+1	-3.76695E-2	+1.43948E-1	-6.49049E-2
+1.30810E+1	-2.51163E-2	+1.59512E-1	-6.28875E-2
+1.30941E+1	-1.25591E-2	+1.71796E-1	-6.06871E-2
