+0.00000E+0	+0.00000E+0	-1.03231E-2	-5.16154E-7
+1.31000E-2	+1.25591E-2	+2.90275E-1	+2.26485E-3
+2.62000E-2	+2.51163E-2	+2.56248E-1	+5.39093E-3
+3.93000E-2	+3.76695E-2	+2.19474E-1	+8.65504E-3
+5.24000E-2	+5.02167E-2	+2.39921E-1	+1.19476E-2
+6.55000E-2	+6.27561E-2	+2.50144E-1	+1.49489E-2
+7.86000E-2	+7.52855E-2	+2.30461E-1	+1.80084E-2
+9.18000E-2	+8.78986E-2	+2.26036E-1	+2.10103E-2
+1.04900E-1	+1.00402E-1	+2.22984E-1	+2.39577E-2
+1.18000E-1	+1.12890E-1	+2.28935E-1	+2.66957E-2
+1.31100E-1	+1.25360E-1	+2.19932E-1	+2.94319E-2
+1.44200E-1	+1.37810E-1	+2.11997E-1	+3.20531E-2
+1.57300E-1	+1.50238E-1	+2.07496E-1	+3.46519E-2
+1.70400E-1	+1.62643E-1	+2.00553E-1	+3.70679E-2
+1.83500E-1	+1.75022E-1	+1.88880E-1	+3.94866E-2
+1.96600E-1	+1.87374E-1	+1.83769E-1	+4.18025E-2
+2.09700E-1	+1.99696E-1	+1.68968E-1	+4.40502E-2
+2.22800E-1	+2.11986E-1	+1.73393E-1	+4.61459E-2
+2.35900E-1	+2.24243E-1	+1.67137E-1	+4.82147E-2
+2.49000E-1	+2.36465E-1	+1.65916E-1	+5.01822E-2
+2.62100E-1	+2.48649E-1	+1.59126E-1	+5.21286E-2
+2.75300E-1	+2.60887E-1	+1.55235E-1	+5.39619E-2
+2.88400E-1	+2.72990E-1	+1.48902E-1	+5.57680E-2
+3.01500E-1	+2.85051E-1	+1.44248E-1	+5.74818E-2
+3.14600E-1	+2.97066E-1	+1.32194E-1	+5.91454E-2
+3.27700E-1	+3.09035E-1	+1.26396E-1	+6.07168E-2
+3.40800E-1	+3.20955E-1	+1.20597E-1	+6.22593E-2
+3.53900E-1	+3.32825E-1	+1.19071E-1	+6.37184E-2
+3.67000E-1	+3.44641E-1	+1.12205E-1	+6.51441E-2
+3.80100E-1	+3.56404E-1	+1.08543E-1	+6.64843E-2
+3.93200E-1	+3.68110E-1	+1.02897E-1	+6.77960E-2
+4.06300E-1	+3.79759E-1	+9.64884E-2	+6.90305E-2
+4.19400E-1	+3.91347E-1	+9.55729E-2	+7.02415E-2
+4.32500E-1	+4.02873E-1	+8.89353E-2	+7.13613E-2
+4.45600E-1	+4.14336E-1	+8.38999E-2	+7.24568E-2
+4.58800E-1	+4.25821E-1	+8.00852E-2	+7.35075E-2
+4.71900E-1	+4.37151E-1	+8.38236E-2	+7.45198E-2
+4.85000E-1	+4.48412E-1	+7.99327E-2	+7.54734E-2
+4.98100E-1	+4.59602E-1	+7.93986E-2	+7.64069E-2
+5.11200E-1	+4.70720E-1	+6.04777E-2	+7.72954E-2
+5.24300E-1	+4.81764E-1	+5.40690E-2	+7.81381E-2
+5.37400E-1	+4.92731E-1	+5.75785E-2	+7.89750E-2
+5.50500E-1	+5.03621E-1	+6.07829E-2	+7.97500E-2
+5.63600E-1	+5.14432E-1	+6.10118E-2	+8.04832E-2
+5.76700E-1	+5.25161E-1	+5.42216E-2	+8.11869E-2
+5.89800E-1	+5.35807E-1	+4.78129E-2	+8.18853E-2
+6.02900E-1	+5.46369E-1	+5.87229E-2	+8.25432E-2
+6.16000E-1	+5.56845E-1	+5.07121E-2	+8.31436E-2
+6.29100E-1	+5.67233E-1	+3.51481E-2	+8.37465E-2
+6.42300E-1	+5.77610E-1	+3.92680E-2	+8.43526E-2
+6.55400E-1	+5.87816E-1	+5.14750E-2	+8.48977E-2
+6.68500E-1	+5.97930E-1	+3.53007E-2	+8.53918E-2
+6.81600E-1	+6.07950E-1	+3.01127E-2	+8.59212E-2
+6.94700E-1	+6.17873E-1	+5.45268E-2	+8.63776E-2
+7.07800E-1	+6.27700E-1	+1.78294E-2	+8.68275E-2
+7.20900E-1	+6.37427E-1	+3.17912E-2	+8.73340E-2
+7.34000E-1	+6.47054E-1	+5.11698E-2	+8.76964E-2
+7.47100E-1	+6.56578E-1	+6.00382E-3	+8.81190E-2
+7.60200E-1	+6.65999E-1	+4.71263E-2	+8.85232E-2
+7.73300E-1	+6.75315E-1	+1.80583E-2	+8.88643E-2
+7.86400E-1	+6.84525E-1	+3.05705E-2	+8.92652E-2
+7.99500E-1	+6.93626E-1	+2.17204E-2	+8.95782E-2
+8.12600E-1	+7.02618E-1	+2.68321E-2	+8.99238E-2
+8.25800E-1	+7.11567E-1	+1.49302E-2	+9.02334E-2
+8.38900E-1	+7.20335E-1	+3.00364E-2	+9.05439E-2
+8.52000E-1	+7.28990E-1	+1.92790E-2	+9.08319E-2
+8.65100E-1	+7.37529E-1	+2.68321E-2	+9.11110E-2
+8.78200E-1	+7.45952E-1	+2.11863E-2	+9.13921E-2
+8.91300E-1	+7.54258E-1	+1.72953E-2	+9.16384E-2
+9.04400E-1	+7.62444E-1	+2.55351E-2	+9.18975E-2
+9.17500E-1	+7.70511E-1	+1.71427E-2	+9.21450E-2
+9.30600E-1	+7.78456E-1	+1.53880E-2	+9.23732E-2
+9.43700E-1	+7.86278E-1	+1.84397E-2	+9.25906E-2
+9.56800E-1	+7.93975E-1	+1.97367E-2	+9.28086E-2
+9.69900E-1	+8.01548E-1	+1.28703E-2	+9.30002E-2
+9.83000E-1	+8.08994E-1	+1.28703E-2	+9.31952E-2
+9.96100E-1	+8.16313E-1	+1.50065E-2	+9.33779E-2
+1.00930E+0	+8.23557E-1	+1.71427E-2	+9.35677E-2
+1.02240E+0	+8.30616E-1	+1.48539E-2	+9.37535E-2
+1.03550E+0	+8.37544E-1	+1.27177E-2	+9.39137E-2
+1.04860E+0	+8.44340E-1	+8.67411E-3	+9.40722E-2
+1.06170E+0	+8.51003E-1	+1.37858E-2	+9.42286E-2
+1.07480E+0	+8.57531E-1	+1.02000E-2	+9.43803E-2
+1.08790E+0	+8.63925E-1	+6.00382E-3	+9.45213E-2
+1.10100E+0	+8.70181E-1	+2.41801E-3	+9.46584E-2
+1.11410E+0	+8.76301E-1	+2.34171E-3	+9.47928E-2
+1.12720E+0	+8.82283E-1	+1.65507E-3	+9.49197E-2
+1.14030E+0	+8.88125E-1	+5.01200E-3	+9.50408E-2
+1.15340E+0	+8.93827E-1	+1.01237E-2	+9.51596E-2
+1.16650E+0	+8.99388E-1	+1.05815E-2	+9.52714E-2
+1.17960E+0	+9.04807E-1	+7.37712E-3	+9.53834E-2
+1.19280E+0	+9.10124E-1	+8.90299E-3	+9.54799E-2
+1.20590E+0	+9.15256E-1	+4.32536E-3	+9.55802E-2
+1.21900E+0	+9.20243E-1	+9.89482E-3	+9.56762E-2
+1.23210E+0	+9.25086E-1	-7.10043E-4	+9.57616E-2
+1.24520E+0	+9.29782E-1	+7.14823E-3	+9.58554E-2
+1.25830E+0	+9.34332E-1	+3.33354E-3	+9.59375E-2
+1.27140E+0	+9.38734E-1	-2.52279E-4	+9.60156E-2
+1.28450E+0	+9.42989E-1	+1.12101E-3	+9.60914E-2
+1.29760E+0	+9.47094E-1	+7.83488E-3	+9.61631E-2
+1.31070E+0	+9.51051E-1	-2.52279E-4	+9.62247E-2
+1.32380E+0	+9.54857E-1	+1.12101E-3	+9.63011E-2
+1.33690E+0	+9.58512E-1	-7.10043E-4	+9.63545E-2
+1.35000E+0	+9.62017E-1	+1.32517E-2	+9.64112E-2
+1.36310E+0	+9.65369E-1	+1.42619E-3	+9.64743E-2
+1.37630E+0	+9.68594E-1	-2.92257E-3	+9.65195E-2
+1.38940E+0	+9.71640E-1	-2.38851E-3	+9.65701E-2
+1.40250E+0	+9.74533E-1	+5.10660E-4	+9.66177E-2
+1.41560E+0	+9.77273E-1	+8.06376E-3	+9.66596E-2
+1.42870E+0	+9.79858E-1	-1.93075E-3	+9.66944E-2
+1.44180E+0	+9.82289E-1	-7.27132E-3	+9.67276E-2
+1.45490E+0	+9.84564E-1	-2.99886E-3	+9.67573E-2
+1.46800E+0	+9.86685E-1	-7.42391E-3	+9.67899E-2
+1.48110E+0	+9.88650E-1	-2.52279E-4	+9.68269E-2
+1.49420E+0	+9.90459E-1	-3.22774E-3	+9.68379E-2
+1.50730E+0	+9.92111E-1	-9.96915E-5	+9.68535E-2
+1.52040E+0	+9.93608E-1	+6.63248E-4	+9.68717E-2
+1.53350E+0	+9.94947E-1	-2.46480E-3	+9.68889E-2
+1.54660E+0	+9.96129E-1	+1.05052E-2	+9.69032E-2
+1.55980E+0	+9.97162E-1	+5.62235E-3	+9.69183E-2
+1.57290E+0	+9.98029E-1	+3.58072E-4	+9.69149E-2
+1.58600E+0	+9.98738E-1	-4.14327E-3	+9.69216E-2
+1.59910E+0	+9.99290E-1	+1.88395E-3	+9.69255E-2
+1.61220E+0	+9.99685E-1	+1.12101E-3	+9.69189E-2
+1.62530E+0	+9.99921E-1	+3.18095E-3	+9.69286E-2
+1.63840E+0	+1.00000E+0	-8.62631E-4	+9.69204E-2
+1.65150E+0	+9.99921E-1	-2.46480E-3	+9.69105E-2
+1.66460E+0	+9.99685E-1	+3.02836E-3	+9.68931E-2
+1.67770E+0	+9.99290E-1	+2.72318E-3	+9.68864E-2
+1.69080E+0	+9.98738E-1	+5.08830E-3	+9.68730E-2
+1.70390E+0	+9.98029E-1	-3.91439E-3	+9.68631E-2
+1.71700E+0	+9.97162E-1	-8.26314E-3	+9.68470E-2
+1.73020E+0	+9.96129E-1	-6.33749E-4	+9.68323E-2
+1.74330E+0	+9.94947E-1	+9.81852E-3	+9.68141E-2
+1.75640E+0	+9.93608E-1	-6.35580E-3	+9.67997E-2
+1.76950E+0	+9.92111E-1	-7.80538E-3	+9.67776E-2
+1.78260E+0	+9.90459E-1	-8.03426E-3	+9.67534E-2
+1.79570E+0	+9.88650E-1	+5.10660E-4	+9.67388E-2
+1.80880E+0	+9.86685E-1	-5.74544E-3	+9.67063E-2
+1.82190E+0	+9.84564E-1	-5.97433E-3	+9.66939E-2
+1.83500E+0	+9.82289E-1	-7.04244E-3	+9.66744E-2
+1.84810E+0	+9.79858E-1	-2.06991E-2	+9.66470E-2
+1.86120E+0	+9.77273E-1	-2.06991E-2	+9.66049E-2
+1.87430E+0	+9.74533E-1	+8.15836E-4	+9.65819E-2
+1.88740E+0	+9.71640E-1	+2.95207E-3	+9.65481E-2
+1.90050E+0	+9.68594E-1	+2.95207E-3	+9.65156E-2
+1.91370E+0	+9.65369E-1	-1.01522E-3	+9.64847E-2
+1.92680E+0	+9.62017E-1	-4.82992E-3	+9.64435E-2
+1.93990E+0	+9.58512E-1	-3.15145E-3	+9.64064E-2
+1.95300E+0	+9.54857E-1	+2.81778E-4	+9.63654E-2
+1.96610E+0	+9.51051E-1	-2.69369E-3	+9.63221E-2
+1.97920E+0	+9.47094E-1	+7.39542E-4	+9.62798E-2
+1.99230E+0	+9.42989E-1	-6.73726E-3	+9.62312E-2
+2.00540E+0	+9.38734E-1	-3.68551E-3	+9.61881E-2
+2.01850E+0	+9.34332E-1	+2.81778E-4	+9.61396E-2
+2.03160E+0	+9.29782E-1	+1.57878E-3	+9.60878E-2
+2.04470E+0	+9.25086E-1	+1.34989E-3	+9.60288E-2
+2.05780E+0	+9.20243E-1	-4.82992E-3	+9.59725E-2
+2.07090E+0	+9.15256E-1	-6.50838E-3	+9.59137E-2
+2.08400E+0	+9.10124E-1	-2.08333E-3	+9.58458E-2
+2.09720E+0	+9.04807E-1	-8.49203E-3	+9.57874E-2
+2.11030E+0	+8.99388E-1	+5.28964E-5	+9.57180E-2
+2.12340E+0	+8.93827E-1	-5.97433E-3	+9.56446E-2
+2.13650E+0	+8.88125E-1	-9.86532E-3	+9.55761E-2
+2.14960E+0	+8.82283E-1	-1.16781E-3	+9.55016E-2
+2.16270E+0	+8.76301E-1	-1.62557E-3	+9.54183E-2
+2.17580E+0	+8.70181E-1	-4.52474E-3	+9.53366E-2
+2.18890E+0	+8.63925E-1	-1.39669E-3	+9.52503E-2
+2.20200E+0	+8.57531E-1	-7.50020E-3	+9.51624E-2
+2.21510E+0	+8.51003E-1	-5.74544E-3	+9.50677E-2
+2.22820E+0	+8.44340E-1	-5.97433E-3	+9.49748E-2
+2.24130E+0	+8.37544E-1	-1.07045E-2	+9.48724E-2
+2.25440E+0	+8.30616E-1	-1.00942E-2	+9.47722E-2
+2.26750E+0	+8.23557E-1	-2.92257E-3	+9.46598E-2
+2.28070E+0	+8.16313E-1	-1.42141E-2	+9.45487E-2
+2.29380E+0	+8.08994E-1	-8.79720E-3	+9.44239E-2
+2.30690E+0	+8.01548E-1	-4.82992E-3	+9.43074E-2
+2.32000E+0	+7.93975E-1	-1.63503E-2	+9.41817E-2
+2.33310E+0	+7.86278E-1	-4.82992E-3	+9.40441E-2
+2.34620E+0	+7.78456E-1	-1.13912E-2	+9.39121E-2
+2.35930E+0	+7.70511E-1	-8.11056E-3	+9.37675E-2
+2.37240E+0	+7.62444E-1	-1.04757E-2	+9.36124E-2
+2.38550E+0	+7.54258E-1	-1.30697E-2	+9.34552E-2
+2.39860E+0	+7.45952E-1	-8.79720E-3	+9.32965E-2
+2.41170E+0	+7.37529E-1	-1.05520E-2	+9.31225E-2
+2.42480E+0	+7.28990E-1	-8.94979E-3	+9.29455E-2
+2.43790E+0	+7.20335E-1	-1.55111E-2	+9.27702E-2
+2.45100E+0	+7.11567E-1	-1.62740E-2	+9.25738E-2
+2.46420E+0	+7.02618E-1	-2.26827E-2	+9.23762E-2
+2.47730E+0	+6.93626E-1	-2.16909E-2	+9.21605E-2
+2.49040E+0	+6.84525E-1	-1.77999E-2	+9.19546E-2
+2.50350E+0	+6.75315E-1	-1.31460E-2	+9.17174E-2
+2.51660E+0	+6.65999E-1	-1.53585E-2	+9.14940E-2
+2.52970E+0	+6.56578E-1	-1.86391E-2	+9.12359E-2
+2.54280E+0	+6.47054E-1	-2.51241E-2	+9.09893E-2
+2.55590E+0	+6.37427E-1	-1.84865E-2	+9.07169E-2
+2.56900E+0	+6.27700E-1	-3.10750E-2	+9.04348E-2
+2.58210E+0	+6.17873E-1	-1.88680E-2	+9.01500E-2
+2.59520E+0	+6.07950E-1	-2.93966E-2	+8.98321E-2
+2.60830E+0	+5.97930E-1	-3.04647E-2	+8.95361E-2
+2.62140E+0	+5.87816E-1	-1.29171E-2	+8.91943E-2
+2.63450E+0	+5.77610E-1	-3.91622E-2	+8.88301E-2
+2.64770E+0	+5.67233E-1	-3.41268E-2	+8.84918E-2
+2.66080E+0	+5.56845E-1	-7.80538E-3	+8.80840E-2
+2.67390E+0	+5.46369E-1	-4.35872E-2	+8.76648E-2
+2.68700E+0	+5.35807E-1	-4.67916E-2	+8.72969E-2
+2.70010E+0	+5.25161E-1	-9.86532E-3	+8.68299E-2
+2.71320E+0	+5.14432E-1	-3.79415E-2	+8.63306E-2
+2.72630E+0	+5.03621E-1	-5.77779E-2	+8.58883E-2
+2.73940E+0	+4.92731E-1	-2.87862E-2	+8.53813E-2
+2.75250E+0	+4.81764E-1	-3.71023E-2	+8.48270E-2
+2.76560E+0	+4.70720E-1	-3.87044E-2	+8.42470E-2
+2.77870E+0	+4.59602E-1	-5.28188E-2	+8.36541E-2
+2.79180E+0	+4.48412E-1	-5.60994E-2	+8.30521E-2
+2.80490E+0	+4.37151E-1	-6.51021E-2	+8.23939E-2
+2.81800E+0	+4.25821E-1	-4.78597E-2	+8.16979E-2
+2.83120E+0	+4.14336E-1	-5.43447E-2	+8.09749E-2
+2.84430E+0	+4.02873E-1	-5.70150E-2	+8.02005E-2
+2.85740E+0	+3.91347E-1	-6.09823E-2	+7.94120E-2
+2.87050E+0	+3.79759E-1	-6.78487E-2	+7.85588E-2
+2.88360E+0	+3.68110E-1	-7.31893E-2	+7.76567E-2
+2.89670E+0	+3.56404E-1	-7.16634E-2	+7.67074E-2
+2.90980E+0	+3.44641E-1	-7.25026E-2	+7.57375E-2
+2.92290E+0	+3.32825E-1	-7.51729E-2	+7.46991E-2
+2.93600E+0	+3.20955E-1	-8.00557E-2	+7.36166E-2
+2.94910E+0	+3.09035E-1	-8.14290E-2	+7.24601E-2
+2.96220E+0	+2.97066E-1	-8.12764E-2	+7.12826E-2
+2.97530E+0	+2.85051E-1	-9.20339E-2	+7.00169E-2
+2.98840E+0	+2.72990E-1	-9.33309E-2	+6.86943E-2
+3.00150E+0	+2.60887E-1	-9.77559E-2	+6.72992E-2
+3.01470E+0	+2.48649E-1	-9.59249E-2	+6.58591E-2
+3.02780E+0	+2.36465E-1	-1.03020E-1	+6.43277E-2
+3.04090E+0	+2.24243E-1	-1.10116E-1	+6.27519E-2
+3.05400E+0	+2.11986E-1	-1.22475E-1	+6.10895E-2
+3.06710E+0	+1.99696E-1	-1.33462E-1	+5.93762E-2
+3.08020E+0	+1.87374E-1	-1.54061E-1	+5.75522E-2
+3.09330E+0	+1.75022E-1	-1.64132E-1	+5.56529E-2
+3.10640E+0	+1.62643E-1	-1.72371E-1	+5.36480E-2
+3.11950E+0	+1.50238E-1	-1.76568E-1	+5.15921E-2
+3.13260E+0	+1.37810E-1	-1.87172E-1	+4.93352E-2
+3.14570E+0	+1.25360E-1	-1.98998E-1	+4.70441E-2
+3.15880E+0	+1.12890E-1	-2.08382E-1	+4.45870E-2
+3.17190E+0	+1.00402E-1	-2.07619E-1	+4.20474E-2
+3.18500E+0	+8.78986E-2	-2.26464E-1	+3.92811E-2
+3.19820E+0	+7.52855E-2	-2.27379E-1	+3.64125E-2
+3.21130E+0	+6.27561E-2	-2.27761E-1	+3.34025E-2
+3.22440E+0	+5.02167E-2	-2.28142E-1	+3.03697E-2
+3.23750E+0	+3.76695E-2	-2.35772E-1	+2.72061E-2
+3.25060E+0	+2.51163E-2	-2.35543E-1	+2.41378E-2
+3.26370E+0	+1.25591E-2	-2.34017E-1	+2.09320E-2
+3.27680E+0	+4.48686E-15	-2.34322E-1	+1.78638E-2
+3.28990E+0	-1.25591E-2	-2.35085E-1	+1.46530E-2
+3.30300E+0	-2.51163E-2	-2.27150E-1	+1.14626E-2
+3.31610E+0	-3.76695E-2	-2.22573E-1	+8.31724E-3
+3.32920E+0	-5.02167E-2	-2.15020E-1	+5.28619E-3
+3.34230E+0	-6.27561E-2	-2.14486E-1	+2.19783E-3
+3.35540E+0	-7.52855E-2	-2.15096E-1	-6.80243E-4
+3.36860E+0	-8.78986E-2	-1.99990E-1	-3.56511E-3
+3.38170E+0	-1.00402E-1	-1.97472E-1	-6.29740E-3
+3.39480E+0	-1.12890E-1	-1.97472E-1	-9.07144E-3
+3.40790E+0	-1.25360E-1	-2.08687E-1	-1.16702E-2
+3.42100E+0	-1.37810E-1	-1.89156E-1	-1.42042E-2
+3.43410E+0	-1.50238E-1	-1.98617E-1	-1.66417E-2
+3.44720E+0	-1.62643E-1	-1.73897E-1	-1.90252E-2
+3.46030E+0	-1.75022E-1	-1.67489E-1	-2.13150E-2
+3.47340E+0	-1.87374E-1	-1.56960E-1	-2.35351E-2
+3.48650E+0	-1.99696E-1	-1.67183E-1	-2.56344E-2
+3.49960E+0	-2.11986E-1	-1.61385E-1	-2.77290E-2
+3.51270E+0	-2.24243E-1	-1.61995E-1	-2.97138E-2
+3.52580E+0	-2.36465E-1	-1.54061E-1	-3.16300E-2
+3.53890E+0	-2.48649E-1	-1.61538E-1	-3.34729E-2
+3.55210E+0	-2.60887E-1	-1.51314E-1	-3.52784E-2
+3.56520E+0	-2.72990E-1	-1.53603E-1	-3.70057E-2
+3.57830E+0	-2.85051E-1	-1.48873E-1	-3.86547E-2
+3.59140E+0	-2.97066E-1	-1.53451E-1	-4.02318E-2
+3.60450E+0	-3.09035E-1	-1.48568E-1	-4.17988E-2
+3.61760E+0	-3.20955E-1	-1.46737E-1	-4.32888E-2
+3.63070E+0	-3.32825E-1	-1.42006E-1	-4.47262E-2
+3.64380E+0	-3.44641E-1	-1.41167E-1	-4.60877E-2
+3.65690E+0	-3.56404E-1	-1.22933E-1	-4.74331E-2
+3.67000E+0	-3.68110E-1	-1.12786E-1	-4.86987E-2
+3.68310E+0	-3.79759E-1	-1.01113E-1	-4.99205E-2
+3.69620E+0	-3.91347E-1	-8.58541E-2	-5.10654E-2
+3.70930E+0	-4.02873E-1	-8.29549E-2	-5.22092E-2
+3.72240E+0	-4.14336E-1	-8.32601E-2	-5.32966E-2
+3.73560E+0	-4.25821E-1	-7.86825E-2	-5.43557E-2
+3.74870E+0	-4.37151E-1	-7.62410E-2	-5.53353E-2
+3.76180E+0	-4.48412E-1	-6.94509E-2	-5.62972E-2
+3.77490E+0	-4.59602E-1	-6.58651E-2	-5.72256E-2
+3.78800E+0	-4.70720E-1	-5.30477E-2	-5.81182E-2
+3.80110E+0	-4.81764E-1	-5.44210E-2	-5.89359E-2
+3.81420E+0	-4.92731E-1	-7.76143E-2	-5.97488E-2
+3.82730E+0	-5.03621E-1	-6.43392E-2	-6.05244E-2
+3.84040E+0	-5.14432E-1	-5.36580E-2	-6.12380E-2
+3.85350E+0	-5.25161E-1	-5.12929E-2	-6.19655E-2
+3.86660E+0	-5.35807E-1	-4.73256E-2	-6.26423E-2
+3.87970E+0	-5.46369E-1	-6.24318E-2	-6.32854E-2
+3.89280E+0	-5.56845E-1	-3.56527E-2	-6.39171E-2
+3.90590E+0	-5.67233E-1	-3.36690E-2	-6.45273E-2
+3.91910E+0	-5.77610E-1	-5.45736E-2	-6.51007E-2
+3.93220E+0	-5.87816E-1	-4.36635E-2	-6.56113E-2
+3.94530E+0	-5.97930E-1	-3.03121E-2	-6.61697E-2
+3.95840E+0	-6.07950E-1	-4.80886E-2	-6.66837E-2
+3.97150E+0	-6.17873E-1	-3.77889E-2	-6.71381E-2
+3.98460E+0	-6.27700E-1	-1.32223E-2	-6.76516E-2
+3.99770E+0	-6.37427E-1	-6.09060E-2	-6.80890E-2
+4.01080E+0	-6.47054E-1	-2.08516E-2	-6.84835E-2
+4.02390E+0	-6.56578E-1	-2.74129E-2	-6.89506E-2
+4.03700E+0	-6.65999E-1	-4.48079E-2	-6.93054E-2
+4.05010E+0	-6.75315E-1	-1.16964E-2	-6.97116E-2
+4.06320E+0	-6.84525E-1	-3.65682E-2	-7.00566E-2
+4.07630E+0	-6.93626E-1	-1.41378E-2	-7.04240E-2
+4.08940E+0	-7.02618E-1	-3.22957E-2	-7.07615E-2
+4.10260E+0	-7.11567E-1	-1.89443E-2	-7.11030E-2
+4.11570E+0	-7.20335E-1	-2.99306E-2	-7.14029E-2
+4.12880E+0	-7.28990E-1	-2.06228E-2	-7.17123E-2
+4.14190E+0	-7.37529E-1	-1.88680E-2	-7.19903E-2
+4.15500E+0	-7.45952E-1	-2.33693E-2	-7.22843E-2
+4.16810E+0	-7.54258E-1	-1.74184E-2	-7.25579E-2
+4.18120E+0	-7.62444E-1	-2.34456E-2	-7.28104E-2
+4.19430E+0	-7.70511E-1	-2.23775E-2	-7.30680E-2
+4.20740E+0	-7.78456E-1	-1.99361E-2	-7.33082E-2
+4.22050E+0	-7.86278E-1	-1.83339E-2	-7.35372E-2
+4.23360E+0	-7.93975E-1	-2.03939E-2	-7.37696E-2
+4.24670E+0	-8.01548E-1	-1.36037E-2	-7.39886E-2
+4.25980E+0	-8.08994E-1	-1.36037E-2	-7.42065E-2
+4.27290E+0	-8.16313E-1	-9.63643E-3	-7.44060E-2
+4.28610E+0	-8.23557E-1	-1.85628E-2	-7.46052E-2
+4.29920E+0	-8.30616E-1	-1.48244E-2	-7.47963E-2
+4.31230E+0	-8.37544E-1	-1.17727E-2	-7.49819E-2
+4.32540E+0	-8.44340E-1	-1.32985E-2	-7.51604E-2
+4.33850E+0	-8.51003E-1	-1.55111E-2	-7.53308E-2
+4.35160E+0	-8.57531E-1	-1.35274E-2	-7.54999E-2
+4.36470E+0	-8.63925E-1	-1.09334E-2	-7.56603E-2
+4.37780E+0	-8.70181E-1	-6.12691E-3	-7.58130E-2
+4.39090E+0	-8.76301E-1	-3.30404E-3	-7.59560E-2
+4.40400E+0	-8.82283E-1	-5.66915E-3	-7.60968E-2
+4.41710E+0	-8.88125E-1	-9.17867E-3	-7.62396E-2
+4.43020E+0	-8.93827E-1	-5.66915E-3	-7.63742E-2
+4.44330E+0	-8.99388E-1	-1.22304E-2	-7.65041E-2
+4.45640E+0	-9.04807E-1	-1.72658E-2	-7.66310E-2
+4.46960E+0	-9.10124E-1	-8.18685E-3	-7.67474E-2
+4.48270E+0	-9.15256E-1	-3.76180E-3	-7.68610E-2
+4.49580E+0	-9.20243E-1	-1.04757E-2	-7.69682E-2
+4.50890E+0	-9.25086E-1	-7.19503E-3	-7.70793E-2
+4.52200E+0	-9.29782E-1	-3.68551E-3	-7.71893E-2
+4.53510E+0	-9.34332E-1	-7.11873E-3	-7.72826E-2
+4.54820E+0	-9.38734E-1	-9.63643E-3	-7.73809E-2
+4.56130E+0	-9.42989E-1	-1.16964E-2	-7.74765E-2
+4.57440E+0	-9.47094E-1	-2.69369E-3	-7.75615E-2
+4.58750E+0	-9.51051E-1	-4.75362E-3	-7.76471E-2
+4.60060E+0	-9.54857E-1	-4.06698E-3	-7.77266E-2
+4.61370E+0	-9.58512E-1	-6.35580E-3	-7.78112E-2
+4.62680E+0	-9.62017E-1	-7.86337E-4	-7.78784E-2
+4.63990E+0	-9.65369E-1	-5.21139E-3	-7.79505E-2
+4.65310E+0	-9.68594E-1	-3.45663E-3	-7.80126E-2
+4.66620E+0	-9.71640E-1	-1.01522E-3	-7.80801E-2
+4.67930E+0	-9.74533E-1	-2.99886E-3	-7.81408E-2
+4.69240E+0	-9.77273E-1	-1.16964E-2	-7.81991E-2
+4.70550E+0	-9.79858E-1	+1.04472E-3	-7.82661E-2
+4.71860E+0	-9.82289E-1	+4.09648E-3	-7.83091E-2
+4.73170E+0	-9.84564E-1	+3.10465E-3	-7.83630E-2
+4.74480E+0	-9.86685E-1	+5.54606E-3	-7.84106E-2
+4.75790E+0	-9.88650E-1	-1.24410E-3	-7.84636E-2
+4.77100E+0	-9.90459E-1	+2.57060E-3	-7.84977E-2
+4.78410E+0	-9.92111E-1	-3.38033E-3	-7.85347E-2
+4.79720E+0	-9.93608E-1	-4.90621E-3	-7.85684E-2
+4.81030E+0	-9.94947E-1	+1.12101E-3	-7.86030E-2
+4.82340E+0	-9.96129E-1	-1.37563E-2	-7.86342E-2
+4.83660E+0	-9.97162E-1	-6.20321E-3	-7.86633E-2
+4.84970E+0	-9.98029E-1	+8.15836E-4	-7.86855E-2
+4.86280E+0	-9.98738E-1	+1.12101E-3	-7.87014E-2
+4.87590E+0	-9.99290E-1	-4.37215E-3	-7.87264E-2
+4.88900E+0	-9.99685E-1	-3.45663E-3	-7.87385E-2
+4.90210E+0	-9.99921E-1	-5.13509E-3	-7.87609E-2
+4.91520E+0	-1.00000E+0	-8.62631E-4	-7.87708E-2
+4.92830E+0	-9.99921E-1	+1.34989E-3	-7.87792E-2
+4.94140E+0	-9.99685E-1	-4.21956E-3	-7.87804E-2
+4.95450E+0	-9.99290E-1	-4.14327E-3	-7.87908E-2
+4.96760E+0	-9.98738E-1	-8.03426E-3	-7.87960E-2
+4.98070E+0	-9.98029E-1	-1.39669E-3	-7.88050E-2
+4.99380E+0	-9.97162E-1	+6.61418E-3	-7.88056E-2
+5.00700E+0	-9.96129E-1	-1.09151E-3	-7.88095E-2
+5.02010E+0	-9.94947E-1	-1.00179E-2	-7.88081E-2
+5.03320E+0	-9.93608E-1	+9.68424E-4	-7.88134E-2
+5.04630E+0	-9.92111E-1	+1.12101E-3	-7.88115E-2
+5.05940E+0	-9.90459E-1	+1.96025E-3	-7.88054E-2
+5.07250E+0	-9.88650E-1	-1.24410E-3	-7.88060E-2
+5.08560E+0	-9.86685E-1	+8.44523E-3	-7.87914E-2
+5.09870E+0	-9.84564E-1	+7.52970E-3	-7.87953E-2
+5.11180E+0	-9.82289E-1	+5.85124E-3	-7.87942E-2
+5.12490E+0	-9.79858E-1	+1.88212E-2	-7.87856E-2
+5.13800E+0	-9.77273E-1	+2.23307E-2	-7.87546E-2
+5.15110E+0	-9.74533E-1	+2.41801E-3	-7.87473E-2
+5.16420E+0	-9.71640E-1	-3.76180E-3	-7.87350E-2
+5.17730E+0	-9.68594E-1	-2.84627E-3	-7.87220E-2
+5.19050E+0	-9.65369E-1	-3.28573E-4	-7.87078E-2
+5.20360E+0	-9.62017E-1	+5.08830E-3	-7.86854E-2
+5.21670E+0	-9.58512E-1	+9.68424E-4	-7.86708E-2
+5.22980E+0	-9.54857E-1	+6.63248E-4	-7.86493E-2
+5.24290E+0	-9.51051E-1	-1.62557E-3	-7.86208E-2
+5.25600E+0	-9.47094E-1	+3.94389E-3	-7.85981E-2
+5.26910E+0	-9.42989E-1	-4.81161E-4	-7.85717E-2
+5.28220E+0	-9.38734E-1	-3.15145E-3	-7.85375E-2
+5.29530E+0	-9.34332E-1	+3.25724E-3	-7.85007E-2
+5.30840E+0	-9.29782E-1	+8.44523E-3	-7.84670E-2
+5.32150E+0	-9.25086E-1	+3.18095E-3	-7.84320E-2
+5.33460E+0	-9.20243E-1	+4.78312E-3	-7.83959E-2
+5.34770E+0	-9.15256E-1	+2.18913E-3	-7.83510E-2
+5.36080E+0	-9.10124E-1	+5.69865E-3	-7.83133E-2
+5.37400E+0	-9.04807E-1	+2.49430E-3	-7.82621E-2
+5.38710E+0	-8.99388E-1	+9.43705E-3	-7.82178E-2
+5.40020E+0	-8.93827E-1	-2.46480E-3	-7.81653E-2
+5.41330E+0	-8.88125E-1	+4.02018E-3	-7.81029E-2
+5.42640E+0	-8.82283E-1	+6.53788E-3	-7.80472E-2
+5.43950E+0	-8.76301E-1	+5.85124E-3	-7.79862E-2
+5.45260E+0	-8.70181E-1	+2.95207E-3	-7.79244E-2
+5.46570E+0	-8.63925E-1	+6.69047E-3	-7.78549E-2
+5.47880E+0	-8.57531E-1	+4.02018E-3	-7.77892E-2
+5.49190E+0	-8.51003E-1	+1.65507E-3	-7.77102E-2
+5.50500E+0	-8.44340E-1	+9.43705E-3	-7.76403E-2
+5.51810E+0	-8.37544E-1	+8.82670E-3	-7.75485E-2
+5.53120E+0	-8.30616E-1	+9.28446E-3	-7.74613E-2
+5.54430E+0	-8.23557E-1	+1.34989E-3	-7.73706E-2
+5.55750E+0	-8.16313E-1	+7.22453E-3	-7.72772E-2
+5.57060E+0	-8.08994E-1	+8.97929E-3	-7.71724E-2
+5.58370E+0	-8.01548E-1	+5.31718E-3	-7.70735E-2
+5.59680E+0	-7.93975E-1	+1.47776E-2	-7.69611E-2
+5.60990E+0	-7.86278E-1	+6.53788E-3	-7.68436E-2
+5.62300E+0	-7.78456E-1	+1.01237E-2	-7.67260E-2
+5.63610E+0	-7.70511E-1	+1.24125E-2	-7.66062E-2
+5.64920E+0	-7.62444E-1	+9.89482E-3	-7.64702E-2
+5.66230E+0	-7.54258E-1	+8.82670E-3	-7.63366E-2
+5.67540E+0	-7.45952E-1	+1.06578E-2	-7.61974E-2
+5.68850E+0	-7.37529E-1	+1.11155E-2	-7.60388E-2
+5.70160E+0	-7.28990E-1	+9.36076E-3	-7.58843E-2
+5.71470E+0	-7.20335E-1	+1.72953E-2	-7.57174E-2
+5.72780E+0	-7.11567E-1	+1.38621E-2	-7.55493E-2
+5.74100E+0	-7.02618E-1	+1.98893E-2	-7.53650E-2
+5.75410E+0	-6.93626E-1	+1.33280E-2	-7.51735E-2
+5.76720E+0	-6.84525E-1	+2.01945E-2	-7.49783E-2
+5.78030E+0	-6.75315E-1	+1.19548E-2	-7.47751E-2
+5.79340E+0	-6.65999E-1	+2.15678E-2	-7.45627E-2
+5.80650E+0	-6.56578E-1	+1.04289E-2	-7.43260E-2
+5.81960E+0	-6.47054E-1	+2.32463E-2	-7.40896E-2
+5.83270E+0	-6.37427E-1	+1.34806E-2	-7.38452E-2
+5.84580E+0	-6.27700E-1	+1.94316E-2	-7.35700E-2
+5.85890E+0	-6.17873E-1	+2.61454E-2	-7.33202E-2
+5.87200E+0	-6.07950E-1	+1.66087E-2	-7.30157E-2
+5.88510E+0	-5.97930E-1	+3.40800E-2	-7.27186E-2
+5.89820E+0	-5.87816E-1	+2.12626E-2	-7.24146E-2
+5.91130E+0	-5.77610E-1	+1.94316E-2	-7.20692E-2
+5.92450E+0	-5.67233E-1	+4.10990E-2	-7.17323E-2
+5.93760E+0	-5.56845E-1	+2.17204E-2	-7.13960E-2
+5.95070E+0	-5.46369E-1	+1.39384E-2	-7.09728E-2
+5.96380E+0	-5.35807E-1	+5.83415E-2	-7.05717E-2
+5.97690E+0	-5.25161E-1	+2.99601E-2	-7.02026E-2
+5.99000E+0	-5.14432E-1	+1.19548E-2	-6.97144E-2
+6.00310E+0	-5.03621E-1	+5.17039E-2	-6.92346E-2
+6.01620E+0	-4.92731E-1	+5.37638E-2	-6.87816E-2
+6.02930E+0	-4.81764E-1	+3.44615E-2	-6.82607E-2
+6.04240E+0	-4.70720E-1	+3.43852E-2	-6.77094E-2
+6.05550E+0	-4.59602E-1	+3.51481E-2	-6.71228E-2
+6.06860E+0	-4.48412E-1	+5.24668E-2	-6.65235E-2
+6.08170E+0	-4.37151E-1	+6.26139E-2	-6.58582E-2
+6.09480E+0	-4.25821E-1	+5.10935E-2	-6.52212E-2
+6.10800E+0	-4.14336E-1	+6.64286E-2	-6.44961E-2
+6.12110E+0	-4.02873E-1	+5.13224E-2	-6.37415E-2
+6.13420E+0	-3.91347E-1	+6.16984E-2	-6.29486E-2
+6.14730E+0	-3.79759E-1	+6.39872E-2	-6.21193E-2
+6.16040E+0	-3.68110E-1	+6.74967E-2	-6.12649E-2
+6.17350E+0	-3.56404E-1	+8.21452E-2	-6.03500E-2
+6.18660E+0	-3.44641E-1	+8.67228E-2	-5.93732E-2
+6.19970E+0	-3.32825E-1	+8.20689E-2	-5.83734E-2
+6.21280E+0	-3.20955E-1	+9.04612E-2	-5.73142E-2
+6.22590E+0	-3.09035E-1	+8.87828E-2	-5.61935E-2
+6.23900E+0	-2.97066E-1	+9.32841E-2	-5.50124E-2
+6.25210E+0	-2.85051E-1	+9.45811E-2	-5.37951E-2
+6.26520E+0	-2.72990E-1	+1.01524E-1	-5.24979E-2
+6.27830E+0	-2.60887E-1	+9.66410E-2	-5.11331E-2
+6.29150E+0	-2.48649E-1	+1.03584E-1	-4.96913E-2
+6.30460E+0	-2.36465E-1	+9.81669E-2	-4.81775E-2
+6.31770E+0	-2.24243E-1	+1.03279E-1	-4.66132E-2
+6.33080E+0	-2.11986E-1	+1.02897E-1	-4.49519E-2
+6.34390E+0	-1.99696E-1	+1.08772E-1	-4.31925E-2
+6.35700E+0	-1.87374E-1	+1.01905E-1	-4.13837E-2
+6.37010E+0	-1.75022E-1	+1.14646E-1	-3.94663E-2
+6.38320E+0	-1.62643E-1	+1.22276E-1	-3.74502E-2
+6.39630E+0	-1.50238E-1	+1.49284E-1	-3.53346E-2
+6.40940E+0	-1.37810E-1	+1.54319E-1	-3.31089E-2
+6.42250E+0	-1.25360E-1	+1.88346E-1	-3.07930E-2
+6.43560E+0	-1.12890E-1	+1.97349E-1	-2.83687E-2
+6.44870E+0	-1.00402E-1	+2.04750E-1	-2.57562E-2
+6.46180E+0	-8.78986E-2	+1.96357E-1	-2.30393E-2
+6.47500E+0	-7.52855E-2	+2.16651E-1	-2.01187E-2
+6.48810E+0	-6.27561E-2	+2.16423E-1	-1.71170E-2
+6.50120E+0	-5.02167E-2	+2.34886E-1	-1.39501E-2
+6.51430E+0	-3.76695E-2	+2.22602E-1	-1.08055E-2
+6.52740E+0	-2.51163E-2	+2.34733E-1	-7.55009E-3
+6.54050E+0	-1.25591E-2	+2.40531E-1	-4.28457E-3
+6.55360E+0	-7.75427E-15	+2.64793E-1	-9.87343E-4
+6.56670E+0	+1.25591E-2	+2.42362E-1	+2.12337E-3
+6.57980E+0	+2.51163E-2	+2.39311E-1	+5.46264E-3
+6.59290E+0	+3.76695E-2	+2.46330E-1	+8.65103E-3
+6.60600E+0	+5.02167E-2	+2.43583E-1	+1.18848E-2
+6.61910E+0	+6.27561E-2	+2.40837E-1	+1.49462E-2
+6.63220E+0	+7.52855E-2	+2.27333E-1	+1.80469E-2
+6.64540E+0	+8.78986E-2	+2.31071E-1	+2.10363E-2
+6.65850E+0	+1.00402E-1	+2.29469E-1	+2.39899E-2
+6.67160E+0	+1.12890E-1	+2.28172E-1	+2.67252E-2
+6.68470E+0	+1.25360E-1	+2.18025E-1	+2.94795E-2
+6.69780E+0	+1.37810E-1	+2.09709E-1	+3.21142E-2
+6.71090E+0	+1.50238E-1	+2.06047E-1	+3.47201E-2
+6.72400E+0	+1.62643E-1	+1.98265E-1	+3.71404E-2
+6.73710E+0	+1.75022E-1	+1.86439E-1	+3.95623E-2
+6.75020E+0	+1.87374E-1	+1.76673E-1	+4.18776E-2
+6.76330E+0	+1.99696E-1	+1.66603E-1	+4.41348E-2
+6.77640E+0	+2.11986E-1	+1.72019E-1	+4.62395E-2
+6.78950E+0	+2.24243E-1	+1.70112E-1	+4.83063E-2
+6.80260E+0	+2.36465E-1	+1.71104E-1	+5.02629E-2
+6.81570E+0	+2.48649E-1	+1.60499E-1	+5.22012E-2
+6.82890E+0	+2.60887E-1	+1.55158E-1	+5.40413E-2
+6.84200E+0	+2.72990E-1	+1.48216E-1	+5.58420E-2
+6.85510E+0	+2.85051E-1	+1.45011E-1	+5.75527E-2
+6.86820E+0	+2.97066E-1	+1.33872E-1	+5.92129E-2
+6.88130E+0	+3.09035E-1	+1.30592E-1	+6.07766E-2
+6.89440E+0	+3.20955E-1	+1.22962E-1	+6.23199E-2
+6.90750E+0	+3.32825E-1	+1.19453E-1	+6.37785E-2
+6.92060E+0	+3.44641E-1	+1.14494E-1	+6.52065E-2
+6.93370E+0	+3.56404E-1	+1.05720E-1	+6.65422E-2
+6.94680E+0	+3.68110E-1	+9.87773E-2	+6.78473E-2
+6.95990E+0	+3.79759E-1	+9.41996E-2	+6.90779E-2
+6.97300E+0	+3.91347E-1	+8.86302E-2	+7.02836E-2
+6.98610E+0	+4.02873E-1	+8.58073E-2	+7.13967E-2
+6.99920E+0	+4.14336E-1	+8.43577E-2	+7.24950E-2
+7.01240E+0	+4.25821E-1	+8.35948E-2	+7.35399E-2
+7.02550E+0	+4.37151E-1	+7.87882E-2	+7.45488E-2
+7.03860E+0	+4.48412E-1	+8.23741E-2	+7.54961E-2
+7.05170E+0	+4.59602E-1	+8.00090E-2	+7.64326E-2
+7.06480E+0	+4.70720E-1	+5.66630E-2	+7.73103E-2
+7.07790E+0	+4.81764E-1	+5.40690E-2	+7.81509E-2
+7.09100E+0	+4.92731E-1	+5.97148E-2	+7.89894E-2
+7.10410E+0	+5.03621E-1	+5.84178E-2	+7.97570E-2
+7.11720E+0	+5.14432E-1	+6.13932E-2	+8.04914E-2
+7.13030E+0	+5.25161E-1	+5.14750E-2	+8.11889E-2
+7.14340E+0	+5.35807E-1	+4.46086E-2	+8.18856E-2
+7.15650E+0	+5.46369E-1	+6.07829E-2	+8.25424E-2
+7.16960E+0	+5.56845E-1	+4.96440E-2	+8.31426E-2
+7.18270E+0	+5.67233E-1	+3.50718E-2	+8.37378E-2
+7.19590E+0	+5.77610E-1	+3.51481E-2	+8.43520E-2
+7.20900E+0	+5.87816E-1	+5.30009E-2	+8.48872E-2
+7.22210E+0	+5.97930E-1	+3.51481E-2	+8.53777E-2
+7.23520E+0	+6.07950E-1	+2.72135E-2	+8.59091E-2
+7.24830E+0	+6.17873E-1	+5.88755E-2	+8.63621E-2
+7.26140E+0	+6.27700E-1	+1.56932E-2	+8.68120E-2
+7.27450E+0	+6.37427E-1	+3.07231E-2	+8.73122E-2
+7.28760E+0	+6.47054E-1	+4.85758E-2	+8.76735E-2
+7.30070E+0	+6.56578E-1	+5.77494E-3	+8.81008E-2
+7.31380E+0	+6.65999E-1	+4.94914E-2	+8.85000E-2
+7.32690E+0	+6.75315E-1	+1.69139E-2	+8.88440E-2
+7.34000E+0	+6.84525E-1	+3.04942E-2	+8.92454E-2
+7.35310E+0	+6.93626E-1	+2.57640E-2	+8.95533E-2
+7.36620E+0	+7.02618E-1	+2.72898E-2	+8.98963E-2
+7.37940E+0	+7.11567E-1	+1.28703E-2	+9.02032E-2
+7.39250E+0	+7.20335E-1	+2.82054E-2	+9.05153E-2
+7.40560E+0	+7.28990E-1	+1.75242E-2	+9.08069E-2
+7.41870E+0	+7.37529E-1	+2.81291E-2	+9.10818E-2
+7.43180E+0	+7.45952E-1	+2.14152E-2	+9.13624E-2
+7.44490E+0	+7.54258E-1	+1.68376E-2	+9.16083E-2
+7.45800E+0	+7.62444E-1	+2.35514E-2	+9.18637E-2
+7.47110E+0	+7.70511E-1	+1.74479E-2	+9.21123E-2
+7.48420E+0	+7.78456E-1	+1.78294E-2	+9.23378E-2
+7.49730E+0	+7.86278E-1	+2.08048E-2	+9.25562E-2
+7.51040E+0	+7.93975E-1	+2.04234E-2	+9.27731E-2
+7.52350E+0	+8.01548E-1	+1.47776E-2	+9.29647E-2
+7.53660E+0	+8.08994E-1	+1.27177E-2	+9.31595E-2
+7.54970E+0	+8.16313E-1	+1.44725E-2	+9.33434E-2
+7.56290E+0	+8.23557E-1	+1.57694E-2	+9.35322E-2
+7.57600E+0	+8.30616E-1	+1.62272E-2	+9.37195E-2
+7.58910E+0	+8.37544E-1	+1.22599E-2	+9.38747E-2
+7.60220E+0	+8.44340E-1	+7.98747E-3	+9.40321E-2
+7.61530E+0	+8.51003E-1	+1.39384E-2	+9.41918E-2
+7.62840E+0	+8.57531E-1	+9.51335E-3	+9.43424E-2
+7.64150E+0	+8.63925E-1	+4.55424E-3	+9.44821E-2
+7.65460E+0	+8.70181E-1	+2.49430E-3	+9.46205E-2
+7.66770E+0	+8.76301E-1	+3.63871E-3	+9.47515E-2
+7.68080E+0	+8.82283E-1	+2.34171E-3	+9.48812E-2
+7.69390E+0	+8.88125E-1	+5.16459E-3	+9.50007E-2
+7.70700E+0	+8.93827E-1	+7.83488E-3	+9.51178E-2
+7.72010E+0	+8.99388E-1	+8.75041E-3	+9.52317E-2
+7.73320E+0	+9.04807E-1	+4.63053E-3	+9.53431E-2
+7.74640E+0	+9.10124E-1	+8.67411E-3	+9.54392E-2
+7.75950E+0	+9.15256E-1	+5.31718E-3	+9.55396E-2
+7.77260E+0	+9.20243E-1	+1.06578E-2	+9.56345E-2
+7.78570E+0	+9.25086E-1	-1.16781E-3	+9.57225E-2
+7.79880E+0	+9.29782E-1	+7.37712E-3	+9.58130E-2
+7.81190E+0	+9.34332E-1	+6.30900E-3	+9.58955E-2
+7.82500E+0	+9.38734E-1	+4.34366E-4	+9.59739E-2
+7.83810E+0	+9.42989E-1	+2.11283E-3	+9.60482E-2
+7.85120E+0	+9.47094E-1	+7.68229E-3	+9.61198E-2
+7.86430E+0	+9.51051E-1	+3.58072E-4	+9.61827E-2
+7.87740E+0	+9.54857E-1	+4.34366E-4	+9.62581E-2
+7.89050E+0	+9.58512E-1	+5.10660E-4	+9.63114E-2
+7.90360E+0	+9.62017E-1	+1.27177E-2	+9.63688E-2
+7.91670E+0	+9.65369E-1	+2.34171E-3	+9.64308E-2
+7.92990E+0	+9.68594E-1	-3.38033E-3	+9.64762E-2
+7.94300E+0	+9.71640E-1	-2.84627E-3	+9.65262E-2
+7.95610E+0	+9.74533E-1	-7.86337E-4	+9.65741E-2
+7.96920E+0	+9.77273E-1	+7.68229E-3	+9.66146E-2
+7.98230E+0	+9.79858E-1	-1.62557E-3	+9.66507E-2
+7.99540E+0	+9.82289E-1	-6.66097E-3	+9.66835E-2
+8.00850E+0	+9.84564E-1	-3.99068E-3	+9.67145E-2
+8.02160E+0	+9.86685E-1	-6.81356E-3	+9.67471E-2
+8.03470E+0	+9.88650E-1	+9.68424E-4	+9.67836E-2
+8.04780E+0	+9.90459E-1	-1.93075E-3	+9.67941E-2
+8.06090E+0	+9.92111E-1	+5.10660E-4	+9.68105E-2
+8.07400E+0	+9.93608E-1	+1.57878E-3	+9.68285E-2
+8.08710E+0	+9.94947E-1	-2.23592E-3	+9.68462E-2
+8.10020E+0	+9.96129E-1	+1.04289E-2	+9.68606E-2
+8.11340E+0	+9.97162E-1	+5.39347E-3	+9.68738E-2
+8.12650E+0	+9.98029E-1	-4.04867E-4	+9.68726E-2
+8.13960E+0	+9.98738E-1	-3.30404E-3	+9.68799E-2
+8.15270E+0	+9.99290E-1	+2.79948E-3	+9.68830E-2
+8.16580E+0	+9.99685E-1	+2.05484E-4	+9.68757E-2
+8.17890E+0	+9.99921E-1	+4.63053E-3	+9.68854E-2
+8.19200E+0	+1.00000E+0	+5.28964E-5	+9.68776E-2
+8.20510E+0	+9.99921E-1	-1.77816E-3	+9.68677E-2
+8.21820E+0	+9.99685E-1	+4.78312E-3	+9.68503E-2
+8.23130E+0	+9.99290E-1	+1.27360E-3	+9.68449E-2
+8.24440E+0	+9.98738E-1	+4.02018E-3	+9.68314E-2
+8.25750E+0	+9.98029E-1	-5.05880E-3	+9.68219E-2
+8.27060E+0	+9.97162E-1	-9.25496E-3	+9.68039E-2
+8.28380E+0	+9.96129E-1	-4.04867E-4	+9.67901E-2
+8.29690E+0	+9.94947E-1	+9.43705E-3	+9.67710E-2
+8.31000E+0	+9.93608E-1	-5.13509E-3	+9.67562E-2
+8.32310E+0	+9.92111E-1	-7.11873E-3	+9.67353E-2
+8.33620E+0	+9.90459E-1	-6.96615E-3	+9.67101E-2
+8.34930E+0	+9.88650E-1	+5.28964E-5	+9.66958E-2
+8.36240E+0	+9.86685E-1	-7.50020E-3	+9.66622E-2
+8.37550E+0	+9.84564E-1	-6.58468E-3	+9.66479E-2
+8.38860E+0	+9.82289E-1	-6.50838E-3	+9.66307E-2
+8.40170E+0	+9.79858E-1	-2.18435E-2	+9.66041E-2
+8.41480E+0	+9.77273E-1	-2.13094E-2	+9.65605E-2
+8.42790E+0	+9.74533E-1	-2.33975E-5	+9.65374E-2
+8.44100E+0	+9.71640E-1	+4.17277E-3	+9.65040E-2
+8.45410E+0	+9.68594E-1	+2.18913E-3	+9.64707E-2
+8.46730E+0	+9.65369E-1	+5.10660E-4	+9.64412E-2
+8.48040E+0	+9.62017E-1	-4.82992E-3	+9.64001E-2
+8.49350E+0	+9.58512E-1	-2.38851E-3	+9.63638E-2
+8.50660E+0	+9.54857E-1	+5.10660E-4	+9.63223E-2
+8.51970E+0	+9.51051E-1	-2.76998E-3	+9.62792E-2
+8.53280E+0	+9.47094E-1	-9.96915E-5	+9.62365E-2
+8.54590E+0	+9.42989E-1	-7.27132E-3	+9.61879E-2
+8.55900E+0	+9.38734E-1	-3.91439E-3	+9.61441E-2
+8.57210E+0	+9.34332E-1	-7.10043E-4	+9.60967E-2
+8.58520E+0	+9.29782E-1	+1.50248E-3	+9.60465E-2
+8.59830E+0	+9.25086E-1	+5.28964E-5	+9.59882E-2
+8.61140E+0	+9.20243E-1	-5.59286E-3	+9.59319E-2
+8.62450E+0	+9.15256E-1	-6.12691E-3	+9.58726E-2
+8.63760E+0	+9.10124E-1	-2.99886E-3	+9.58061E-2
+8.65080E+0	+9.04807E-1	-9.40755E-3	+9.57476E-2
+8.66390E+0	+8.99388E-1	+3.58072E-4	+9.56771E-2
+8.67700E+0	+8.93827E-1	-5.66915E-3	+9.56046E-2
+8.69010E+0	+8.88125E-1	-8.79720E-3	+9.55360E-2
+8.70320E+0	+8.82283E-1	-1.39669E-3	+9.54600E-2
+8.71630E+0	+8.76301E-1	-2.38851E-3	+9.53778E-2
+8.72940E+0	+8.70181E-1	-2.38851E-3	+9.52955E-2
+8.74250E+0	+8.63925E-1	-5.05880E-3	+9.52091E-2
+8.75560E+0	+8.57531E-1	-5.05880E-3	+9.51231E-2
+8.76870E+0	+8.51003E-1	-7.57650E-3	+9.50282E-2
+8.78180E+0	+8.44340E-1	-5.36397E-3	+9.49349E-2
+8.79490E+0	+8.37544E-1	-1.02468E-2	+9.48323E-2
+8.80800E+0	+8.30616E-1	-1.08571E-2	+9.47308E-2
+8.82110E+0	+8.23557E-1	-2.76998E-3	+9.46178E-2
+8.83430E+0	+8.16313E-1	-1.39852E-2	+9.45065E-2
+8.84740E+0	+8.08994E-1	-9.25496E-3	+9.43842E-2
+8.86050E+0	+8.01548E-1	-2.31222E-3	+9.42676E-2
+8.87360E+0	+7.93975E-1	-1.81051E-2	+9.41411E-2
+8.88670E+0	+7.86278E-1	-4.14327E-3	+9.40046E-2
+8.89980E+0	+7.78456E-1	-1.28408E-2	+9.38707E-2
+8.91290E+0	+7.70511E-1	-5.28768E-3	+9.37267E-2
+8.92600E+0	+7.62444E-1	-1.29171E-2	+9.35713E-2
+8.93910E+0	+7.54258E-1	-1.37563E-2	+9.34161E-2
+8.95220E+0	+7.45952E-1	-1.12386E-2	+9.32562E-2
+8.96530E+0	+7.37529E-1	-1.15438E-2	+9.30813E-2
+8.97840E+0	+7.28990E-1	-9.40755E-3	+9.29041E-2
+8.99150E+0	+7.20335E-1	-1.57400E-2	+9.27282E-2
+9.00460E+0	+7.11567E-1	-1.54348E-2	+9.25330E-2
+9.01780E+0	+7.02618E-1	-2.25301E-2	+9.23337E-2
+9.03090E+0	+6.93626E-1	-2.10042E-2	+9.21181E-2
+9.04400E+0	+6.84525E-1	-1.70369E-2	+9.19158E-2
+9.05710E+0	+6.75315E-1	-1.53585E-2	+9.16800E-2
+9.07020E+0	+6.65999E-1	-1.57400E-2	+9.14544E-2
+9.08330E+0	+6.56578E-1	-1.94784E-2	+9.11956E-2
+9.09640E+0	+6.47054E-1	-2.63448E-2	+9.09480E-2
+9.10950E+0	+6.37427E-1	-2.06991E-2	+9.06774E-2
+9.12260E+0	+6.27700E-1	-3.35164E-2	+9.03965E-2
+9.13570E+0	+6.17873E-1	-1.87154E-2	+9.01154E-2
+9.14880E+0	+6.07950E-1	-2.75655E-2	+8.97957E-2
+9.16190E+0	+5.97930E-1	-2.65737E-2	+8.94956E-2
+9.17500E+0	+5.87816E-1	-1.42141E-2	+8.91528E-2
+9.18810E+0	+5.77610E-1	-3.96200E-2	+8.87917E-2
+9.20130E+0	+5.67233E-1	-3.29061E-2	+8.84532E-2
+9.21440E+0	+5.56845E-1	-9.10238E-3	+8.80436E-2
+9.22750E+0	+5.46369E-1	-4.55709E-2	+8.76258E-2
+9.24060E+0	+5.35807E-1	-4.83175E-2	+8.72615E-2
+9.25370E+0	+5.25161E-1	-7.11873E-3	+8.67942E-2
+9.26680E+0	+5.14432E-1	-3.81704E-2	+8.62987E-2
+9.27990E+0	+5.03621E-1	-5.77016E-2	+8.58480E-2
+9.29300E+0	+4.92731E-1	-3.29824E-2	+8.53482E-2
+9.30610E+0	+4.81764E-1	-3.42031E-2	+8.47946E-2
+9.31920E+0	+4.70720E-1	-4.19088E-2	+8.42075E-2
+9.33230E+0	+4.59602E-1	-5.27425E-2	+8.36273E-2
+9.34540E+0	+4.48412E-1	-5.73964E-2	+8.30122E-2
+9.35850E+0	+4.37151E-1	-6.35763E-2	+8.23619E-2
+9.37160E+0	+4.25821E-1	-5.09115E-2	+8.16668E-2
+9.38480E+0	+4.14336E-1	-5.33529E-2	+8.09394E-2
+9.39790E+0	+4.02873E-1	-5.59469E-2	+8.01681E-2
+9.41100E+0	+3.91347E-1	-5.81594E-2	+7.93793E-2
+9.42410E+0	+3.79759E-1	-6.92220E-2	+7.85247E-2
+9.43720E+0	+3.68110E-1	-7.21975E-2	+7.76294E-2
+9.45030E+0	+3.56404E-1	-7.42574E-2	+7.66796E-2
+9.46340E+0	+3.44641E-1	-7.78432E-2	+7.57151E-2
+9.47650E+0	+3.32825E-1	-7.85299E-2	+7.46653E-2
+9.48960E+0	+3.20955E-1	-7.82247E-2	+7.35843E-2
+9.50270E+0	+3.09035E-1	-7.68514E-2	+7.24316E-2
+9.51580E+0	+2.97066E-1	-8.18868E-2	+7.12540E-2
+9.52890E+0	+2.85051E-1	-8.99740E-2	+6.99838E-2
+9.54200E+0	+2.72990E-1	-8.92110E-2	+6.86697E-2
+9.55510E+0	+2.60887E-1	-9.21102E-2	+6.72767E-2
+9.56830E+0	+2.48649E-1	-9.51619E-2	+6.58409E-2
+9.58140E+0	+2.36465E-1	-1.03249E-1	+6.43105E-2
+9.59450E+0	+2.24243E-1	-1.08132E-1	+6.27311E-2
+9.60760E+0	+2.11986E-1	-1.21560E-1	+6.10684E-2
+9.62070E+0	+1.99696E-1	-1.29494E-1	+5.93542E-2
+9.63380E+0	+1.87374E-1	-1.51696E-1	+5.75316E-2
+9.64690E+0	+1.75022E-1	-1.60164E-1	+5.56240E-2
+9.66000E+0	+1.62643E-1	-1.74431E-1	+5.36182E-2
+9.67310E+0	+1.50238E-1	-1.78475E-1	+5.15725E-2
+9.68620E+0	+1.37810E-1	-1.89538E-1	+4.93323E-2
+9.69930E+0	+1.25360E-1	-1.99685E-1	+4.70363E-2
+9.71240E+0	+1.12890E-1	-2.04339E-1	+4.45795E-2
+9.72550E+0	+1.00402E-1	-2.03347E-1	+4.20346E-2
+9.73860E+0	+8.78986E-2	-2.23870E-1	+3.92636E-2
+9.75180E+0	+7.52855E-2	-2.24175E-1	+3.63982E-2
+9.76490E+0	+6.27561E-2	-2.30889E-1	+3.33790E-2
+9.77800E+0	+5.02167E-2	-2.26922E-1	+3.03542E-2
+9.79110E+0	+3.76695E-2	-2.36382E-1	+2.71911E-2
+9.80420E+0	+2.51163E-2	-2.35390E-1	+2.41103E-2
+9.81730E+0	+1.25591E-2	-2.35009E-1	+2.09081E-2
+9.83040E+0	+1.14834E-14	-2.30813E-1	+1.78298E-2
+9.84350E+0	-1.25591E-2	-2.36840E-1	+1.46205E-2
+9.85660E+0	-2.51163E-2	-2.25930E-1	+1.14278E-2
+9.86970E+0	-3.76695E-2	-2.22039E-1	+8.26821E-3
+9.88280E+0	-5.02167E-2	-2.16240E-1	+5.23564E-3
+9.89590E+0	-6.27561E-2	-2.11052E-1	+2.14600E-3
+9.90900E+0	-7.52855E-2	-2.13570E-1	-7.50963E-4
+9.92220E+0	-8.78986E-2	-2.03499E-1	-3.63709E-3
+9.93530E+0	-1.00402E-1	-2.00905E-1	-6.36481E-3
+9.94840E+0	-1.12890E-1	-1.96175E-1	-9.13733E-3
+9.96150E+0	-1.25360E-1	-2.08382E-1	-1.17508E-2
+9.97460E+0	-1.37810E-1	-1.88698E-1	-1.42955E-2
+9.98770E+0	-1.50238E-1	-2.01211E-1	-1.67215E-2
+1.00008E+1	-1.62643E-1	-1.75576E-1	-1.91006E-2
+1.00139E+1	-1.75022E-1	-1.68786E-1	-2.13883E-2
+1.00270E+1	-1.87374E-1	-1.57723E-1	-2.36136E-2
+1.00401E+1	-1.99696E-1	-1.67412E-1	-2.57102E-2
+1.00532E+1	-2.11986E-1	-1.59325E-1	-2.78071E-2
+1.00663E+1	-2.24243E-1	-1.61233E-1	-2.97966E-2
+1.00794E+1	-2.36465E-1	-1.51543E-1	-3.17067E-2
+1.00925E+1	-2.48649E-1	-1.60088E-1	-3.35606E-2
+1.01057E+1	-2.60887E-1	-1.50322E-1	-3.53659E-2
+1.01188E+1	-2.72990E-1	-1.54442E-1	-3.70910E-2
+1.01319E+1	-2.85051E-1	-1.47957E-1	-3.87364E-2
+1.01450E+1	-2.97066E-1	-1.53679E-1	-4.03104E-2
+1.01581E+1	-3.09035E-1	-1.47805E-1	-4.18823E-2
+1.01712E+1	-3.20955E-1	-1.47728E-1	-4.33731E-2
+1.01843E+1	-3.32825E-1	-1.40481E-1	-4.48068E-2
+1.01974E+1	-3.44641E-1	-1.33919E-1	-4.61644E-2
+1.02105E+1	-3.56404E-1	-1.22475E-1	-4.75071E-2
+1.02236E+1	-3.68110E-1	-1.10192E-1	-4.87723E-2
+1.02367E+1	-3.79759E-1	-9.71456E-2	-4.99874E-2
+1.02498E+1	-3.91347E-1	-8.63881E-2	-5.11304E-2
+1.02629E+1	-4.02873E-1	-8.76088E-2	-5.22805E-2
+1.02760E+1	-4.14336E-1	-8.15053E-2	-5.33658E-2
+1.02892E+1	-4.25821E-1	-7.99032E-2	-5.44199E-2
+1.03023E+1	-4.37151E-1	-7.50203E-2	-5.53988E-2
+1.03154E+1	-4.48412E-1	-7.02138E-2	-5.63601E-2
+1.03285E+1	-4.59602E-1	-6.76961E-2	-5.72885E-2
+1.03416E+1	-4.70720E-1	-5.31240E-2	-5.81837E-2
+1.03547E+1	-4.81764E-1	-5.30477E-2	-5.90013E-2
+1.03678E+1	-4.92731E-1	-7.73092E-2	-5.98023E-2
+1.03809E+1	-5.03621E-1	-6.65517E-2	-6.05817E-2
+1.03940E+1	-5.14432E-1	-5.86171E-2	-6.12990E-2
+1.04071E+1	-5.25161E-1	-4.70205E-2	-6.20258E-2
+1.04202E+1	-5.35807E-1	-5.10640E-2	-6.26960E-2
+1.04333E+1	-5.46369E-1	-6.06771E-2	-6.33414E-2
+1.04464E+1	-5.56845E-1	-4.00777E-2	-6.39703E-2
+1.04595E+1	-5.67233E-1	-3.23720E-2	-6.45820E-2
+1.04727E+1	-5.77610E-1	-5.56417E-2	-6.51496E-2
+1.04858E+1	-5.87816E-1	-4.99959E-2	-6.56655E-2
+1.04989E+1	-5.97930E-1	-2.76418E-2	-6.62253E-2
+1.05120E+1	-6.07950E-1	-4.95382E-2	-6.67358E-2
+1.05251E+1	-6.17873E-1	-3.80941E-2	-6.71887E-2
+1.05382E+1	-6.27700E-1	-1.16201E-2	-6.77038E-2
+1.05513E+1	-6.37427E-1	-6.37288E-2	-6.81368E-2
+1.05644E+1	-6.47054E-1	-2.00887E-2	-6.85350E-2
+1.05775E+1	-6.56578E-1	-2.74892E-2	-6.90004E-2
+1.05906E+1	-6.65999E-1	-4.58761E-2	-6.93529E-2
+1.06037E+1	-6.75315E-1	-9.56014E-3	-6.97567E-2
+1.06168E+1	-6.84525E-1	-3.65682E-2	-7.01041E-2
+1.06299E+1	-6.93626E-1	-1.78762E-2	-7.04712E-2
+1.06430E+1	-7.02618E-1	-3.41268E-2	-7.08115E-2
+1.06562E+1	-7.11567E-1	-2.00887E-2	-7.11490E-2
+1.06693E+1	-7.20335E-1	-2.99306E-2	-7.14479E-2
+1.06824E+1	-7.28990E-1	-1.84102E-2	-7.17606E-2
+1.06955E+1	-7.37529E-1	-1.87154E-2	-7.20417E-2
+1.07086E+1	-7.45952E-1	-2.51241E-2	-7.23326E-2
+1.07217E+1	-7.54258E-1	-1.85628E-2	-7.26015E-2
+1.07348E+1	-7.62444E-1	-2.09279E-2	-7.28545E-2
+1.07479E+1	-7.70511E-1	-2.19961E-2	-7.31124E-2
+1.07610E+1	-7.78456E-1	-1.97835E-2	-7.33515E-2
+1.07741E+1	-7.86278E-1	-1.69607E-2	-7.35815E-2
+1.07872E+1	-7.93975E-1	-2.09279E-2	-7.38109E-2
+1.08003E+1	-8.01548E-1	-1.50533E-2	-7.40313E-2
+1.08134E+1	-8.08994E-1	-1.43667E-2	-7.42486E-2
+1.08265E+1	-8.16313E-1	-9.10238E-3	-7.44474E-2
+1.08397E+1	-8.23557E-1	-1.73421E-2	-7.46494E-2
+1.08528E+1	-8.30616E-1	-1.52822E-2	-7.48381E-2
+1.08659E+1	-8.37544E-1	-1.06283E-2	-7.50247E-2
+1.08790E+1	-8.44340E-1	-1.38326E-2	-7.52025E-2
+1.08921E+1	-8.51003E-1	-1.55874E-2	-7.53745E-2
+1.09052E+1	-8.57531E-1	-1.26119E-2	-7.55443E-2
+1.09183E+1	-8.63925E-1	-8.64461E-3	-7.57037E-2
+1.09314E+1	-8.70181E-1	-5.13509E-3	-7.58547E-2
+1.09445E+1	-8.76301E-1	-4.14327E-3	-7.59977E-2
+1.09576E+1	-8.82283E-1	-7.04244E-3	-7.61387E-2
+1.09707E+1	-8.88125E-1	-1.00179E-2	-7.62808E-2
+1.09838E+1	-8.93827E-1	-4.82992E-3	-7.64163E-2
+1.09969E+1	-8.99388E-1	-1.40615E-2	-7.65448E-2
+1.10100E+1	-9.04807E-1	-1.77236E-2	-7.66714E-2
+1.10232E+1	-9.10124E-1	-8.33944E-3	-7.67908E-2
+1.10363E+1	-9.15256E-1	-4.44845E-3	-7.69028E-2
+1.10494E+1	-9.20243E-1	-1.16201E-2	-7.70085E-2
+1.10625E+1	-9.25086E-1	-8.64461E-3	-7.71216E-2
+1.10756E+1	-9.29782E-1	-1.62557E-3	-7.72296E-2
+1.10887E+1	-9.34332E-1	-7.57650E-3	-7.73229E-2
+1.11018E+1	-9.38734E-1	-9.94161E-3	-7.74212E-2
+1.11149E+1	-9.42989E-1	-1.02468E-2	-7.75145E-2
+1.11280E+1	-9.47094E-1	-3.30404E-3	-7.75995E-2
+1.11411E+1	-9.51051E-1	-5.36397E-3	-7.76867E-2
+1.11542E+1	-9.54857E-1	-1.93075E-3	-7.77648E-2
+1.11673E+1	-9.58512E-1	-6.66097E-3	-7.78493E-2
+1.11804E+1	-9.62017E-1	-1.16781E-3	-7.79175E-2
+1.11935E+1	-9.65369E-1	-5.28768E-3	-7.79885E-2
+1.12067E+1	-9.68594E-1	-2.84627E-3	-7.80533E-2
+1.12198E+1	-9.71640E-1	-7.10043E-4	-7.81195E-2
+1.12329E+1	-9.74533E-1	-3.07516E-3	-7.81783E-2
+1.12460E+1	-9.77273E-1	-1.24593E-2	-7.82379E-2
+1.12591E+1	-9.79858E-1	+1.73136E-3	-7.83060E-2
+1.12722E+1	-9.82289E-1	+4.32536E-3	-7.83487E-2
+1.12853E+1	-9.84564E-1	+2.79948E-3	-7.84012E-2
+1.12984E+1	-9.86685E-1	+7.07194E-3	-7.84493E-2
+1.13115E+1	-9.88650E-1	+7.39542E-4	-7.84997E-2
+1.13246E+1	-9.90459E-1	+2.95207E-3	-7.85365E-2
+1.13377E+1	-9.92111E-1	-2.23592E-3	-7.85701E-2
+1.13508E+1	-9.93608E-1	-5.59286E-3	-7.86074E-2
+1.13639E+1	-9.94947E-1	-8.62631E-4	-7.86392E-2
+1.13770E+1	-9.96129E-1	-1.59688E-2	-7.86713E-2
+1.13902E+1	-9.97162E-1	-6.96615E-3	-7.87031E-2
+1.14033E+1	-9.98029E-1	-8.62631E-4	-7.87216E-2
+1.14164E+1	-9.98738E-1	+1.96025E-3	-7.87399E-2
+1.14295E+1	-9.99290E-1	-4.52474E-3	-7.87643E-2
+1.14426E+1	-9.99685E-1	-2.76998E-3	-7.87757E-2
+1.14557E+1	-9.99921E-1	-3.45663E-3	-7.87974E-2
+1.14688E+1	-1.00000E+0	-4.81161E-4	-7.88078E-2
+1.14819E+1	-9.99921E-1	+1.73136E-3	-7.88163E-2
+1.14950E+1	-9.99685E-1	-4.67733E-3	-7.88178E-2
+1.15081E+1	-9.99290E-1	-4.21956E-3	-7.88292E-2
+1.15212E+1	-9.98738E-1	-6.81356E-3	-7.88343E-2
+1.15343E+1	-9.98029E-1	-6.33749E-4	-7.88438E-2
+1.15474E+1	-9.97162E-1	+8.90299E-3	-7.88433E-2
+1.15606E+1	-9.96129E-1	+1.12101E-3	-7.88480E-2
+1.15737E+1	-9.94947E-1	-1.10860E-2	-7.88456E-2
+1.15868E+1	-9.93608E-1	+8.15836E-4	-7.88510E-2
+1.15999E+1	-9.92111E-1	+2.05484E-4	-7.88486E-2
+1.16130E+1	-9.90459E-1	+1.73136E-3	-7.88426E-2
+1.16261E+1	-9.88650E-1	-2.08333E-3	-7.88422E-2
+1.16392E+1	-9.86685E-1	+5.62235E-3	-7.88301E-2
+1.16523E+1	-9.84564E-1	+7.52970E-3	-7.88339E-2
+1.16654E+1	-9.82289E-1	+5.69865E-3	-7.88311E-2
+1.16785E+1	-9.79858E-1	+1.85160E-2	-7.88221E-2
+1.16916E+1	-9.77273E-1	+2.29411E-2	-7.87912E-2
+1.17047E+1	-9.74533E-1	+2.26542E-3	-7.87849E-2
+1.17178E+1	-9.71640E-1	-3.68551E-3	-7.87723E-2
+1.17309E+1	-9.68594E-1	-2.08333E-3	-7.87604E-2
+1.17441E+1	-9.65369E-1	+6.63248E-4	-7.87461E-2
+1.17572E+1	-9.62017E-1	+4.47795E-3	-7.87239E-2
+1.17703E+1	-9.58512E-1	+1.88395E-3	-7.87075E-2
+1.17834E+1	-9.54857E-1	+2.34171E-3	-7.86869E-2
+1.17965E+1	-9.51051E-1	-1.09151E-3	-7.86594E-2
+1.18096E+1	-9.47094E-1	+5.46977E-3	-7.86353E-2
+1.18227E+1	-9.42989E-1	+1.29190E-4	-7.86090E-2
+1.18358E+1	-9.38734E-1	-2.08333E-3	-7.85741E-2
+1.18489E+1	-9.34332E-1	+4.93571E-3	-7.85376E-2
+1.18620E+1	-9.29782E-1	+8.21635E-3	-7.85046E-2
+1.18751E+1	-9.25086E-1	+5.31718E-3	-7.84686E-2
+1.18882E+1	-9.20243E-1	+4.93571E-3	-7.84319E-2
+1.19013E+1	-9.15256E-1	+9.68424E-4	-7.83893E-2
+1.19144E+1	-9.10124E-1	+4.17277E-3	-7.83493E-2
+1.19276E+1	-9.04807E-1	+5.69865E-3	-7.83004E-2
+1.19407E+1	-8.99388E-1	+9.20817E-3	-7.82563E-2
+1.19538E+1	-8.93827E-1	-2.46480E-3	-7.82044E-2
+1.19669E+1	-8.88125E-1	+2.49430E-3	-7.81419E-2
+1.19800E+1	-8.82283E-1	+7.22453E-3	-7.80850E-2
+1.19931E+1	-8.76301E-1	+7.37712E-3	-7.80241E-2
+1.20062E+1	-8.70181E-1	+4.70683E-3	-7.79612E-2
+1.20193E+1	-8.63925E-1	+5.62235E-3	-7.78962E-2
+1.20324E+1	-8.57531E-1	+1.34989E-3	-7.78259E-2
+1.20455E+1	-8.51003E-1	+4.17277E-3	-7.77479E-2
+1.20586E+1	-8.44340E-1	+8.06376E-3	-7.76775E-2
+1.20717E+1	-8.37544E-1	+9.05558E-3	-7.75879E-2
+1.20848E+1	-8.30616E-1	+9.36076E-3	-7.74993E-2
+1.20979E+1	-8.23557E-1	+1.96025E-3	-7.74105E-2
+1.21111E+1	-8.16313E-1	+8.29264E-3	-7.73162E-2
+1.21242E+1	-8.08994E-1	+8.29264E-3	-7.72122E-2
+1.21373E+1	-8.01548E-1	+4.17277E-3	-7.71132E-2
+1.21504E+1	-7.93975E-1	+1.75242E-2	-7.69994E-2
+1.21635E+1	-7.86278E-1	+4.85941E-3	-7.68786E-2
+1.21766E+1	-7.78456E-1	+9.81852E-3	-7.67645E-2
+1.21897E+1	-7.70511E-1	+1.08103E-2	-7.66439E-2
+1.22028E+1	-7.62444E-1	+1.02763E-2	-7.65079E-2
+1.22159E+1	-7.54258E-1	+1.22599E-2	-7.63731E-2
+1.22290E+1	-7.45952E-1	+1.22599E-2	-7.62331E-2
+1.22421E+1	-7.37529E-1	+1.07340E-2	-7.60780E-2
+1.22552E+1	-7.28990E-1	+6.84306E-3	-7.59227E-2
+1.22683E+1	-7.20335E-1	+1.79057E-2	-7.57589E-2
+1.22814E+1	-7.11567E-1	+1.66850E-2	-7.55864E-2
+1.22946E+1	-7.02618E-1	+2.00419E-2	-7.54028E-2
+1.23077E+1	-6.93626E-1	+1.21836E-2	-7.52097E-2
+1.23208E+1	-6.84525E-1	+1.66087E-2	-7.50134E-2
+1.23339E+1	-6.75315E-1	+1.11918E-2	-7.48110E-2
+1.23470E+1	-6.65999E-1	+1.98130E-2	-7.45994E-2
+1.23601E+1	-6.56578E-1	+1.11918E-2	-7.43628E-2
+1.23732E+1	-6.47054E-1	+2.16441E-2	-7.41277E-2
+1.23863E+1	-6.37427E-1	+1.52354E-2	-7.38830E-2
+1.23994E+1	-6.27700E-1	+2.17204E-2	-7.36077E-2
+1.24125E+1	-6.17873E-1	+2.50773E-2	-7.33561E-2
+1.24256E+1	-6.07950E-1	+1.78294E-2	-7.30523E-2
+1.24387E+1	-5.97930E-1	+3.60636E-2	-7.27571E-2
+1.24518E+1	-5.87816E-1	+2.53062E-2	-7.24536E-2
+1.24649E+1	-5.77610E-1	+2.09574E-2	-7.21074E-2
+1.24781E+1	-5.67233E-1	+4.29301E-2	-7.17733E-2
+1.24912E+1	-5.56845E-1	+1.96604E-2	-7.14371E-2
+1.25043E+1	-5.46369E-1	+1.08866E-2	-7.10122E-2
+1.25174E+1	-5.35807E-1	+5.94859E-2	-7.06076E-2
+1.25305E+1	-5.25161E-1	+3.48429E-2	-7.02430E-2
+1.25436E+1	-5.14432E-1	+1.05815E-2	-6.97579E-2
+1.25567E+1	-5.03621E-1	+5.05595E-2	-6.92748E-2
+1.25698E+1	-4.92731E-1	+5.48319E-2	-6.88220E-2
+1.25829E+1	-4.81764E-1	+3.30119E-2	-6.83024E-2
+1.25960E+1	-4.70720E-1	+3.46903E-2	-6.77541E-2
+1.26091E+1	-4.59602E-1	+3.27067E-2	-6.71602E-2
+1.26222E+1	-4.48412E-1	+5.05595E-2	-6.65692E-2
+1.26353E+1	-4.37151E-1	+6.46739E-2	-6.59040E-2
+1.26484E+1	-4.25821E-1	+5.16276E-2	-6.52623E-2
+1.26616E+1	-4.14336E-1	+6.33006E-2	-6.45411E-2
+1.26747E+1	-4.02873E-1	+5.43742E-2	-6.37847E-2
+1.26878E+1	-3.91347E-1	+5.86466E-2	-6.29834E-2
+1.27009E+1	-3.79759E-1	+6.36820E-2	-6.21685E-2
+1.27140E+1	-3.68110E-1	+6.78782E-2	-6.13066E-2
+1.27271E+1	-3.56404E-1	+7.77964E-2	-6.03916E-2
+1.27402E+1	-3.44641E-1	+8.13822E-2	-5.94254E-2
+1.27533E+1	-3.32825E-1	+8.61125E-2	-5.84275E-2
+1.27664E+1	-3.20955E-1	+9.22923E-2	-5.73636E-2
+1.27795E+1	-3.09035E-1	+9.43522E-2	-5.62330E-2
+1.27926E+1	-2.97066E-1	+9.51152E-2	-5.50415E-2
+1.28057E+1	-2.85051E-1	+8.74858E-2	-5.38218E-2
+1.28188E+1	-2.72990E-1	+9.39707E-2	-5.25439E-2
+1.28319E+1	-2.60887E-1	+9.03849E-2	-5.11884E-2
+1.28451E+1	-2.48649E-1	+1.00379E-1	-4.97457E-2
+1.28582E+1	-2.36465E-1	+9.37419E-2	-4.82427E-2
+1.28713E+1	-2.24243E-1	+1.02210E-1	-4.66655E-2
+1.28844E+1	-2.11986E-1	+1.02287E-1	-4.50041E-2
+1.28975E+1	-1.99696E-1	+1.09458E-1	-4.32401E-2
+1.29106E+1	-1.87374E-1	+1.03660E-1	-4.14349E-2
+1.29237E+1	-1.75022E-1	+1.15867E-1	-3.95159E-2
+1.29368E+1	-1.62643E-1	+1.23802E-1	-3.75109E-2
+1.29499E+1	-1.50238E-1	+1.49436E-1	-3.54011E-2
+1.29630E+1	-1.37810E-1	+1.54090E-1	-3.31702E-2
+1.29761E+1	-1.25360E-1	+1.89262E-1	-3.08528E-2
+1.29892E+1	-1.12890E-1	+1.95365E-1	-2.84195E-2
+1.30023E+1	-1.00402E-1	+2.04978E-1	-2.58131E-2
+1.30154E+1	-8.78986E-2	+1.95976E-1	-2.31110E-2
+1.30286E+1	-7.52855E-2	+2.16423E-1	-2.01742E-2
+1.30417E+1	-6.27561E-2	+2.23442E-1	-1.71781E-2
+1.30548E+1	-5.02167E-2	+2.34428E-1	-1.40092E-2
+1.30679E+1	-3.76695E-2	+2.23442E-1	-1.08659E-2
+1.30810E+1	-2.51163E-2	+2.34123E-1	-7.59658E-3
+1.30941E+1	-1.25591E-2	+2.44194E-1	-4.34573E-3
