+0.00000E+0	+0.00000E+0	-2.07839E-3	-1.03920E-7
+1.31000E-2	+1.25591E-2	+9.28313E-2	+6.58346E-4
+2.62000E-2	+2.51163E-2	+1.32504E-1	+1.89900E-3
+3.93000E-2	+3.76695E-2	+2.26956E-1	+3.67065E-3
+5.24000E-2	+5.02167E-2	+3.10956E-1	+7.42945E-3
+6.55000E-2	+6.27561E-2	+2.89136E-1	+1.12254E-2
+7.86000E-2	+7.52855E-2	+2.79141E-1	+1.51036E-2
+9.18000E-2	+8.78986E-2	+2.89059E-1	+1.87084E-2
+1.04900E-1	+1.00402E-1	+2.67773E-1	+2.22114E-2
+1.18000E-1	+1.12890E-1	+2.56405E-1	+2.54602E-2
+1.31100E-1	+1.25360E-1	+2.50455E-1	+2.86746E-2
+1.44200E-1	+1.37810E-1	+2.38629E-1	+3.16446E-2
+1.57300E-1	+1.50238E-1	+2.22073E-1	+3.45862E-2
+1.70400E-1	+1.62643E-1	+2.13833E-1	+3.72717E-2
+1.83500E-1	+1.75022E-1	+1.99490E-1	+3.99339E-2
+1.96600E-1	+1.87374E-1	+1.96362E-1	+4.24113E-2
+2.09700E-1	+1.99696E-1	+1.77441E-1	+4.48039E-2
+2.22800E-1	+2.11986E-1	+1.80569E-1	+4.70098E-2
+2.35900E-1	+2.24243E-1	+1.74008E-1	+4.91684E-2
+2.49000E-1	+2.36465E-1	+1.68057E-1	+5.12043E-2
+2.62100E-1	+2.48649E-1	+1.56613E-1	+5.31962E-2
+2.75300E-1	+2.60887E-1	+1.50204E-1	+5.50548E-2
+2.88400E-1	+2.72990E-1	+1.39828E-1	+5.68628E-2
+3.01500E-1	+2.85051E-1	+1.35403E-1	+5.85603E-2
+3.14600E-1	+2.97066E-1	+1.26401E-1	+6.01886E-2
+3.27700E-1	+3.09035E-1	+1.20755E-1	+6.17066E-2
+3.40800E-1	+3.20955E-1	+1.09082E-1	+6.31819E-2
+3.53900E-1	+3.32825E-1	+1.03589E-1	+6.45627E-2
+3.67000E-1	+3.44641E-1	+1.00079E-1	+6.58995E-2
+3.80100E-1	+3.56404E-1	+9.27550E-2	+6.71342E-2
+3.93200E-1	+3.68110E-1	+8.64226E-2	+6.83305E-2
+4.06300E-1	+3.79759E-1	+8.44389E-2	+6.94480E-2
+4.19400E-1	+3.91347E-1	+8.38286E-2	+7.05446E-2
+4.32500E-1	+4.02873E-1	+7.89458E-2	+7.15518E-2
+4.45600E-1	+4.14336E-1	+7.25371E-2	+7.25301E-2
+4.58800E-1	+4.25821E-1	+7.36052E-2	+7.34554E-2
+4.71900E-1	+4.37151E-1	+7.14690E-2	+7.43489E-2
+4.85000E-1	+4.48412E-1	+6.68913E-2	+7.51710E-2
+4.98100E-1	+4.59602E-1	+6.92564E-2	+7.59728E-2
+5.11200E-1	+4.70720E-1	+5.01067E-2	+7.67315E-2
+5.24300E-1	+4.81764E-1	+4.87334E-2	+7.74560E-2
+5.37400E-1	+4.92731E-1	+4.52239E-2	+7.81726E-2
+5.50500E-1	+5.03621E-1	+4.98015E-2	+7.88189E-2
+5.63600E-1	+5.14432E-1	+5.91856E-2	+7.94397E-2
+5.76700E-1	+5.25161E-1	+4.03410E-2	+8.00245E-2
+5.89800E-1	+5.35807E-1	+3.71367E-2	+8.06158E-2
+6.02900E-1	+5.46369E-1	+4.76653E-2	+8.11665E-2
+6.16000E-1	+5.56845E-1	+4.94963E-2	+8.16604E-2
+6.29100E-1	+5.67233E-1	+2.75237E-2	+8.21520E-2
+6.42300E-1	+5.77610E-1	+2.43193E-2	+8.26731E-2
+6.55400E-1	+5.87816E-1	+5.08696E-2	+8.31256E-2
+6.68500E-1	+5.97930E-1	+3.60686E-2	+8.35143E-2
+6.81600E-1	+6.07950E-1	+1.33330E-2	+8.39550E-2
+6.94700E-1	+6.17873E-1	+4.38506E-2	+8.43554E-2
+7.07800E-1	+6.27700E-1	+2.82866E-2	+8.46964E-2
+7.20900E-1	+6.37427E-1	+9.21311E-3	+8.51106E-2
+7.34000E-1	+6.47054E-1	+4.22484E-2	+8.54420E-2
+7.47100E-1	+6.56578E-1	+1.79106E-2	+8.57572E-2
+7.60200E-1	+6.65999E-1	+2.82866E-2	+8.61000E-2
+7.73300E-1	+6.75315E-1	+2.00469E-2	+8.63894E-2
+7.86400E-1	+6.84525E-1	+2.52348E-2	+8.67064E-2
+7.99500E-1	+6.93626E-1	+2.25646E-2	+8.69690E-2
+8.12600E-1	+7.02618E-1	+2.05046E-2	+8.72503E-2
+8.25800E-1	+7.11567E-1	+1.08916E-2	+8.75030E-2
+8.38900E-1	+7.20335E-1	+2.23357E-2	+8.77586E-2
+8.52000E-1	+7.28990E-1	+1.73766E-2	+8.79983E-2
+8.65100E-1	+7.37529E-1	+2.20305E-2	+8.82307E-2
+8.78200E-1	+7.45952E-1	+1.63085E-2	+8.84624E-2
+8.91300E-1	+7.54258E-1	+1.13493E-2	+8.86685E-2
+9.04400E-1	+7.62444E-1	+1.92076E-2	+8.88811E-2
+9.17500E-1	+7.70511E-1	+1.23412E-2	+8.90870E-2
+9.30600E-1	+7.78456E-1	+1.21886E-2	+8.92754E-2
+9.43700E-1	+7.86278E-1	+1.44011E-2	+8.94525E-2
+9.56800E-1	+7.93975E-1	+1.74529E-2	+8.96342E-2
+9.69900E-1	+8.01548E-1	+1.40959E-2	+8.97938E-2
+9.83000E-1	+8.08994E-1	+1.18071E-2	+8.99588E-2
+9.96100E-1	+8.16313E-1	+1.39433E-2	+9.01092E-2
+1.00930E+0	+8.23557E-1	+1.50877E-2	+9.02692E-2
+1.02240E+0	+8.30616E-1	+9.28941E-3	+9.04227E-2
+1.03550E+0	+8.37544E-1	+9.97605E-3	+9.05510E-2
+1.04860E+0	+8.44340E-1	+8.98423E-3	+9.06861E-2
+1.06170E+0	+8.51003E-1	+1.24175E-2	+9.08188E-2
+1.07480E+0	+8.57531E-1	+8.90794E-3	+9.09454E-2
+1.08790E+0	+8.63925E-1	+2.88072E-3	+9.10600E-2
+1.10100E+0	+8.70181E-1	+3.56736E-3	+9.11742E-2
+1.11410E+0	+8.76301E-1	+3.64366E-3	+9.12863E-2
+1.12720E+0	+8.82283E-1	+4.02513E-3	+9.13943E-2
+1.14030E+0	+8.88125E-1	+5.77989E-3	+9.14965E-2
+1.15340E+0	+8.93827E-1	+7.53465E-3	+9.15949E-2
+1.16650E+0	+8.99388E-1	+7.22947E-3	+9.16866E-2
+1.17960E+0	+9.04807E-1	+4.17771E-3	+9.17816E-2
+1.19280E+0	+9.10124E-1	+1.01286E-2	+9.18644E-2
+1.20590E+0	+9.15256E-1	+2.42295E-3	+9.19457E-2
+1.21900E+0	+9.20243E-1	+7.99241E-3	+9.20281E-2
+1.23210E+0	+9.25086E-1	-1.39174E-3	+9.20975E-2
+1.24520E+0	+9.29782E-1	+6.54283E-3	+9.21783E-2
+1.25830E+0	+9.34332E-1	+2.57554E-3	+9.22443E-2
+1.27140E+0	+9.38734E-1	-1.01028E-3	+9.23082E-2
+1.28450E+0	+9.42989E-1	+3.26219E-3	+9.23731E-2
+1.29760E+0	+9.47094E-1	+7.38206E-3	+9.24351E-2
+1.31070E+0	+9.51051E-1	+1.04966E-3	+9.24842E-2
+1.32380E+0	+9.54857E-1	-3.99924E-4	+9.25490E-2
+1.33690E+0	+9.58512E-1	+1.73631E-3	+9.25919E-2
+1.35000E+0	+9.62017E-1	+1.04338E-2	+9.26403E-2
+1.36310E+0	+9.65369E-1	+2.10428E-4	+9.26897E-2
+1.37630E+0	+9.68594E-1	-3.60427E-3	+9.27292E-2
+1.38940E+0	+9.71640E-1	-2.23098E-3	+9.27688E-2
+1.40250E+0	+9.74533E-1	-1.84951E-3	+9.28088E-2
+1.41560E+0	+9.77273E-1	+7.99241E-3	+9.28428E-2
+1.42870E+0	+9.79858E-1	-2.99392E-3	+9.28717E-2
+1.44180E+0	+9.82289E-1	-6.19826E-3	+9.28973E-2
+1.45490E+0	+9.84564E-1	+8.97073E-4	+9.29214E-2
+1.46800E+0	+9.86685E-1	-1.84951E-3	+9.29446E-2
+1.48110E+0	+9.88650E-1	+3.03330E-3	+9.29755E-2
+1.49420E+0	+9.90459E-1	-5.52512E-4	+9.29817E-2
+1.50730E+0	+9.92111E-1	+1.04966E-3	+9.29957E-2
+1.52040E+0	+9.93608E-1	+1.43113E-3	+9.30077E-2
+1.53350E+0	+9.94947E-1	-2.84133E-3	+9.30195E-2
+1.54660E+0	+9.96129E-1	+1.19597E-2	+9.30310E-2
+1.55980E+0	+9.97162E-1	+5.09324E-3	+9.30404E-2
+1.57290E+0	+9.98029E-1	-2.99392E-3	+9.30367E-2
+1.58600E+0	+9.98738E-1	-2.68874E-3	+9.30375E-2
+1.59910E+0	+9.99290E-1	+1.50742E-3	+9.30387E-2
+1.61220E+0	+9.99685E-1	-6.28806E-4	+9.30297E-2
+1.62530E+0	+9.99921E-1	+2.34666E-3	+9.30364E-2
+1.63840E+0	+1.00000E+0	-2.68874E-3	+9.30245E-2
+1.65150E+0	+9.99921E-1	-1.23916E-3	+9.30131E-2
+1.66460E+0	+9.99685E-1	+4.94065E-3	+9.29961E-2
+1.67770E+0	+9.99290E-1	+1.43113E-3	+9.29899E-2
+1.69080E+0	+9.98738E-1	+1.50742E-3	+9.29744E-2
+1.70390E+0	+9.98029E-1	-7.80044E-3	+9.29605E-2
+1.71700E+0	+9.97162E-1	-7.34267E-3	+9.29410E-2
+1.73020E+0	+9.96129E-1	+2.57554E-3	+9.29290E-2
+1.74330E+0	+9.94947E-1	+8.60276E-3	+9.29118E-2
+1.75640E+0	+9.93608E-1	-9.55520E-3	+9.28954E-2
+1.76950E+0	+9.92111E-1	-9.40261E-3	+9.28700E-2
+1.78260E+0	+9.90459E-1	-4.06203E-3	+9.28455E-2
+1.79570E+0	+9.88650E-1	+4.55918E-3	+9.28327E-2
+1.80880E+0	+9.86685E-1	-5.35903E-3	+9.28024E-2
+1.82190E+0	+9.84564E-1	-7.03750E-3	+9.27855E-2
+1.83500E+0	+9.82289E-1	-9.55520E-3	+9.27633E-2
+1.84810E+0	+9.79858E-1	-2.35933E-2	+9.27339E-2
+1.86120E+0	+9.77273E-1	-1.49721E-2	+9.26907E-2
+1.87430E+0	+9.74533E-1	+1.00523E-2	+9.26753E-2
+1.88740E+0	+9.71640E-1	+6.69541E-3	+9.26465E-2
+1.90050E+0	+9.68594E-1	+1.35484E-3	+9.26135E-2
+1.91370E+0	+9.65369E-1	-1.08657E-3	+9.25822E-2
+1.92680E+0	+9.62017E-1	-4.29091E-3	+9.25432E-2
+1.93990E+0	+9.58512E-1	-1.54433E-3	+9.25080E-2
+1.95300E+0	+9.54857E-1	+8.20779E-4	+9.24684E-2
+1.96610E+0	+9.51051E-1	-1.69692E-3	+9.24274E-2
+1.97920E+0	+9.47094E-1	+1.12596E-3	+9.23870E-2
+1.99230E+0	+9.42989E-1	-4.97756E-3	+9.23416E-2
+2.00540E+0	+9.38734E-1	-4.82497E-3	+9.22995E-2
+2.01850E+0	+9.34332E-1	-3.29909E-3	+9.22553E-2
+2.03160E+0	+9.29782E-1	-9.47479E-5	+9.22090E-2
+2.04470E+0	+9.25086E-1	-1.71042E-4	+9.21559E-2
+2.05780E+0	+9.20243E-1	-4.06203E-3	+9.21047E-2
+2.07090E+0	+9.15256E-1	-5.96938E-3	+9.20476E-2
+2.08400E+0	+9.10124E-1	-1.31545E-3	+9.19877E-2
+2.09720E+0	+9.04807E-1	-7.34267E-3	+9.19332E-2
+2.11030E+0	+8.99388E-1	-2.23098E-3	+9.18703E-2
+2.12340E+0	+8.93827E-1	-3.83315E-3	+9.18045E-2
+2.13650E+0	+8.88125E-1	-9.17373E-3	+9.17381E-2
+2.14960E+0	+8.82283E-1	-4.51980E-3	+9.16745E-2
+2.16270E+0	+8.76301E-1	+6.68192E-4	+9.16033E-2
+2.17580E+0	+8.70181E-1	-6.28806E-4	+9.15263E-2
+2.18890E+0	+8.63925E-1	-5.05385E-3	+9.14519E-2
+2.20200E+0	+8.57531E-1	-4.51980E-3	+9.13736E-2
+2.21510E+0	+8.51003E-1	-6.65603E-3	+9.12891E-2
+2.22820E+0	+8.44340E-1	-6.19826E-3	+9.12066E-2
+2.24130E+0	+8.37544E-1	-8.18191E-3	+9.11182E-2
+2.25440E+0	+8.30616E-1	-7.72414E-3	+9.10272E-2
+2.26750E+0	+8.23557E-1	-4.06203E-3	+9.09317E-2
+2.28070E+0	+8.16313E-1	-1.13863E-2	+9.08315E-2
+2.29380E+0	+8.08994E-1	-6.12197E-3	+9.07273E-2
+2.30690E+0	+8.01548E-1	-6.50344E-3	+9.06282E-2
+2.32000E+0	+7.93975E-1	-1.28358E-2	+9.05137E-2
+2.33310E+0	+7.86278E-1	-2.30727E-3	+9.04059E-2
+2.34620E+0	+7.78456E-1	-1.26832E-2	+9.02803E-2
+2.35930E+0	+7.70511E-1	-5.05385E-3	+9.01673E-2
+2.37240E+0	+7.62444E-1	-1.18440E-2	+9.00277E-2
+2.38550E+0	+7.54258E-1	-1.10048E-2	+8.99003E-2
+2.39860E+0	+7.45952E-1	-7.72414E-3	+8.97653E-2
+2.41170E+0	+7.37529E-1	-8.63967E-3	+8.96186E-2
+2.42480E+0	+7.28990E-1	-9.63149E-3	+8.94705E-2
+2.43790E+0	+7.20335E-1	-1.59639E-2	+8.93225E-2
+2.45100E+0	+7.11567E-1	-1.30647E-2	+8.91596E-2
+2.46420E+0	+7.02618E-1	-1.76424E-2	+8.89905E-2
+2.47730E+0	+6.93626E-1	-1.41328E-2	+8.88146E-2
+2.49040E+0	+6.84525E-1	-1.16151E-2	+8.86481E-2
+2.50350E+0	+6.75315E-1	-1.09285E-2	+8.84548E-2
+2.51660E+0	+6.65999E-1	-1.58113E-2	+8.82682E-2
+2.52970E+0	+6.56578E-1	-1.83290E-2	+8.80527E-2
+2.54280E+0	+6.47054E-1	-1.82527E-2	+8.78502E-2
+2.55590E+0	+6.37427E-1	-1.32936E-2	+8.76327E-2
+2.56900E+0	+6.27700E-1	-2.16096E-2	+8.74008E-2
+2.58210E+0	+6.17873E-1	-1.80238E-2	+8.71695E-2
+2.59520E+0	+6.07950E-1	-2.44325E-2	+8.69158E-2
+2.60830E+0	+5.97930E-1	-2.48140E-2	+8.66700E-2
+2.62140E+0	+5.87816E-1	-1.23018E-2	+8.64024E-2
+2.63450E+0	+5.77610E-1	-2.59584E-2	+8.61084E-2
+2.64770E+0	+5.67233E-1	-2.84761E-2	+8.58265E-2
+2.66080E+0	+5.56845E-1	-1.74898E-2	+8.55180E-2
+2.67390E+0	+5.46369E-1	-2.64925E-2	+8.51850E-2
+2.68700E+0	+5.35807E-1	-3.70210E-2	+8.48701E-2
+2.70010E+0	+5.25161E-1	-2.11519E-2	+8.45303E-2
+2.71320E+0	+5.14432E-1	-1.15388E-2	+8.41365E-2
+2.72630E+0	+5.03621E-1	-4.06068E-2	+8.37363E-2
+2.73940E+0	+4.92731E-1	-4.94569E-2	+8.33755E-2
+2.75250E+0	+4.81764E-1	-1.96260E-2	+8.29593E-2
+2.76560E+0	+4.70720E-1	-1.56587E-2	+8.24731E-2
+2.77870E+0	+4.59602E-1	-4.70155E-2	+8.19993E-2
+2.79180E+0	+4.48412E-1	-5.52553E-2	+8.15452E-2
+2.80490E+0	+4.37151E-1	-4.67866E-2	+8.10276E-2
+2.81800E+0	+4.25821E-1	-3.87758E-2	+8.04801E-2
+2.83120E+0	+4.14336E-1	-4.13698E-2	+7.99014E-2
+2.84430E+0	+4.02873E-1	-4.15987E-2	+7.92828E-2
+2.85740E+0	+3.91347E-1	-5.07539E-2	+7.86571E-2
+2.87050E+0	+3.79759E-1	-5.76967E-2	+7.79649E-2
+2.88360E+0	+3.68110E-1	-5.88411E-2	+7.72449E-2
+2.89670E+0	+3.56404E-1	-6.15877E-2	+7.64744E-2
+2.90980E+0	+3.44641E-1	-6.51735E-2	+7.56791E-2
+2.92290E+0	+3.32825E-1	-6.84541E-2	+7.48128E-2
+2.93600E+0	+3.20955E-1	-6.57838E-2	+7.39103E-2
+2.94910E+0	+3.09035E-1	-6.97511E-2	+7.29441E-2
+2.96220E+0	+2.97066E-1	-7.37947E-2	+7.19329E-2
+2.97530E+0	+2.85051E-1	-8.07374E-2	+7.08418E-2
+2.98840E+0	+2.72990E-1	-7.69228E-2	+6.96999E-2
+3.00150E+0	+2.60887E-1	-8.49336E-2	+6.84724E-2
+3.01470E+0	+2.48649E-1	-8.64595E-2	+6.71942E-2
+3.02780E+0	+2.36465E-1	-9.27156E-2	+6.58137E-2
+3.04090E+0	+2.24243E-1	-9.72169E-2	+6.43775E-2
+3.05400E+0	+2.11986E-1	-1.07822E-1	+6.28419E-2
+3.06710E+0	+1.99696E-1	-1.16214E-1	+6.12500E-2
+3.08020E+0	+1.87374E-1	-1.38416E-1	+5.95273E-2
+3.09330E+0	+1.75022E-1	-1.45969E-1	+5.77001E-2
+3.10640E+0	+1.62643E-1	-1.61456E-1	+5.57652E-2
+3.11950E+0	+1.50238E-1	-1.69696E-1	+5.37639E-2
+3.13260E+0	+1.37810E-1	-1.85871E-1	+5.15462E-2
+3.14570E+0	+1.25360E-1	-1.99527E-1	+4.92610E-2
+3.15880E+0	+1.12890E-1	-2.12039E-1	+4.67700E-2
+3.17190E+0	+1.00402E-1	-2.15701E-1	+4.41699E-2
+3.18500E+0	+8.78986E-2	-2.39124E-1	+4.12787E-2
+3.19820E+0	+7.52855E-2	-2.47745E-1	+3.81859E-2
+3.21130E+0	+6.27561E-2	-2.68039E-1	+3.48080E-2
+3.22440E+0	+5.02167E-2	-2.76203E-1	+3.12375E-2
+3.23750E+0	+3.76695E-2	-3.07559E-1	+2.73185E-2
+3.25060E+0	+2.51163E-2	-2.99472E-1	+2.33755E-2
+3.26370E+0	+1.25591E-2	-3.13434E-1	+1.92189E-2
+3.27680E+0	+4.48686E-15	-3.00845E-1	+1.52437E-2
+3.28990E+0	-1.25591E-2	-3.14578E-1	+1.09671E-2
+3.30300E+0	-2.51163E-2	-3.10916E-1	+6.82185E-3
+3.31610E+0	-3.76695E-2	-2.91309E-1	+2.68774E-3
+3.32920E+0	-5.02167E-2	-2.85282E-1	-1.22064E-3
+3.34230E+0	-6.27561E-2	-2.78339E-1	-5.12918E-3
+3.35540E+0	-7.52855E-2	-2.64835E-1	-8.73393E-3
+3.36860E+0	-8.78986E-2	-2.45303E-1	-1.23021E-2
+3.38170E+0	-1.00402E-1	-2.47592E-1	-1.55724E-2
+3.39480E+0	-1.12890E-1	-2.34470E-1	-1.88462E-2
+3.40790E+0	-1.25360E-1	-2.37445E-1	-2.18629E-2
+3.42100E+0	-1.37810E-1	-2.08530E-1	-2.47713E-2
+3.43410E+0	-1.50238E-1	-2.16541E-1	-2.74937E-2
+3.44720E+0	-1.62643E-1	-1.85794E-1	-3.01165E-2
+3.46030E+0	-1.75022E-1	-1.80072E-1	-3.26066E-2
+3.47340E+0	-1.87374E-1	-1.70230E-1	-3.49846E-2
+3.48650E+0	-1.99696E-1	-1.78775E-1	-3.71857E-2
+3.49960E+0	-2.11986E-1	-1.66263E-1	-3.93695E-2
+3.51270E+0	-2.24243E-1	-1.66568E-1	-4.14269E-2
+3.52580E+0	-2.36465E-1	-1.52683E-1	-4.33852E-2
+3.53890E+0	-2.48649E-1	-1.57794E-1	-4.52546E-2
+3.55210E+0	-2.60887E-1	-1.48181E-1	-4.70688E-2
+3.56520E+0	-2.72990E-1	-1.54056E-1	-4.87745E-2
+3.57830E+0	-2.85051E-1	-1.46732E-1	-5.03974E-2
+3.59140E+0	-2.97066E-1	-1.51157E-1	-5.19202E-2
+3.60450E+0	-3.09035E-1	-1.44138E-1	-5.34272E-2
+3.61760E+0	-3.20955E-1	-1.42459E-1	-5.48456E-2
+3.63070E+0	-3.32825E-1	-1.30176E-1	-5.61932E-2
+3.64380E+0	-3.44641E-1	-1.20334E-1	-5.74584E-2
+3.65690E+0	-3.56404E-1	-1.04160E-1	-5.86887E-2
+3.67000E+0	-3.68110E-1	-9.46992E-2	-5.98305E-2
+3.68310E+0	-3.79759E-1	-8.34077E-2	-6.09227E-2
+3.69620E+0	-3.91347E-1	-7.05904E-2	-6.19463E-2
+3.70930E+0	-4.02873E-1	-7.56258E-2	-6.29623E-2
+3.72240E+0	-4.14336E-1	-7.24214E-2	-6.39282E-2
+3.73560E+0	-4.25821E-1	-7.14296E-2	-6.48458E-2
+3.74870E+0	-4.37151E-1	-6.95222E-2	-6.57034E-2
+3.76180E+0	-4.48412E-1	-6.09010E-2	-6.65332E-2
+3.77490E+0	-4.59602E-1	-5.76204E-2	-6.73287E-2
+3.78800E+0	-4.70720E-1	-4.33534E-2	-6.80881E-2
+3.80110E+0	-4.81764E-1	-4.70918E-2	-6.87908E-2
+3.81420E+0	-4.92731E-1	-6.47920E-2	-6.94830E-2
+3.82730E+0	-5.03621E-1	-5.38057E-2	-7.01217E-2
+3.84040E+0	-5.14432E-1	-5.03725E-2	-7.07292E-2
+3.85350E+0	-5.25161E-1	-3.68684E-2	-7.13471E-2
+3.86660E+0	-5.35807E-1	-4.14461E-2	-7.19066E-2
+3.87970E+0	-5.46369E-1	-5.52553E-2	-7.24528E-2
+3.89280E+0	-5.56845E-1	-3.61055E-2	-7.29513E-2
+3.90590E+0	-5.67233E-1	-1.84816E-2	-7.34786E-2
+3.91910E+0	-5.77610E-1	-4.95332E-2	-7.39628E-2
+3.93220E+0	-5.87816E-1	-4.57185E-2	-7.43699E-2
+3.94530E+0	-5.97930E-1	-1.40565E-2	-7.48358E-2
+3.95840E+0	-6.07950E-1	-3.60292E-2	-7.52806E-2
+3.97150E+0	-6.17873E-1	-4.86177E-2	-7.56450E-2
+3.98460E+0	-6.27700E-1	-5.28274E-3	-7.60408E-2
+3.99770E+0	-6.37427E-1	-3.38167E-2	-7.64424E-2
+4.01080E+0	-6.47054E-1	-3.57240E-2	-7.67629E-2
+4.02390E+0	-6.56578E-1	-1.84816E-2	-7.71250E-2
+4.03700E+0	-6.65999E-1	-3.47322E-2	-7.74491E-2
+4.05010E+0	-6.75315E-1	-1.60402E-2	-7.77673E-2
+4.06320E+0	-6.84525E-1	-2.71791E-2	-7.80590E-2
+4.07630E+0	-6.93626E-1	-1.42854E-2	-7.83662E-2
+4.08940E+0	-7.02618E-1	-2.53480E-2	-7.86525E-2
+4.10260E+0	-7.11567E-1	-1.55061E-2	-7.89365E-2
+4.11570E+0	-7.20335E-1	-2.49666E-2	-7.91877E-2
+4.12880E+0	-7.28990E-1	-1.58113E-2	-7.94437E-2
+4.14190E+0	-7.37529E-1	-1.64217E-2	-7.96805E-2
+4.15500E+0	-7.45952E-1	-2.25252E-2	-7.99257E-2
+4.16810E+0	-7.54258E-1	-1.77949E-2	-8.01524E-2
+4.18120E+0	-7.62444E-1	-2.02363E-2	-8.03687E-2
+4.19430E+0	-7.70511E-1	-2.06941E-2	-8.05869E-2
+4.20740E+0	-7.78456E-1	-1.94734E-2	-8.07870E-2
+4.22050E+0	-7.86278E-1	-1.58876E-2	-8.09827E-2
+4.23360E+0	-7.93975E-1	-1.91682E-2	-8.11804E-2
+4.24670E+0	-8.01548E-1	-1.18440E-2	-8.13672E-2
+4.25980E+0	-8.08994E-1	-1.39040E-2	-8.15530E-2
+4.27290E+0	-8.16313E-1	-1.00130E-2	-8.17228E-2
+4.28610E+0	-8.23557E-1	-1.21492E-2	-8.18936E-2
+4.29920E+0	-8.30616E-1	-9.40261E-3	-8.20556E-2
+4.31230E+0	-8.37544E-1	-1.15388E-2	-8.22126E-2
+4.32540E+0	-8.44340E-1	-1.46669E-2	-8.23683E-2
+4.33850E+0	-8.51003E-1	-1.26070E-2	-8.25208E-2
+4.35160E+0	-8.57531E-1	-7.64785E-3	-8.26633E-2
+4.36470E+0	-8.63925E-1	-6.57973E-3	-8.28001E-2
+4.37780E+0	-8.70181E-1	-7.72414E-3	-8.29301E-2
+4.39090E+0	-8.76301E-1	-6.73232E-3	-8.30558E-2
+4.40400E+0	-8.82283E-1	-7.19008E-3	-8.31810E-2
+4.41710E+0	-8.88125E-1	-1.00130E-2	-8.33037E-2
+4.43020E+0	-8.93827E-1	-4.36721E-3	-8.34228E-2
+4.44330E+0	-8.99388E-1	-9.40261E-3	-8.35363E-2
+4.45640E+0	-9.04807E-1	-1.42091E-2	-8.36472E-2
+4.46960E+0	-9.10124E-1	-6.96120E-3	-8.37493E-2
+4.48270E+0	-9.15256E-1	-4.67238E-3	-8.38517E-2
+4.49580E+0	-9.20243E-1	-1.07759E-2	-8.39464E-2
+4.50890E+0	-9.25086E-1	-6.42715E-3	-8.40442E-2
+4.52200E+0	-9.29782E-1	-3.22280E-3	-8.41369E-2
+4.53510E+0	-9.34332E-1	-7.72414E-3	-8.42224E-2
+4.54820E+0	-9.38734E-1	-8.48708E-3	-8.43116E-2
+4.56130E+0	-9.42989E-1	-1.18440E-2	-8.43925E-2
+4.57440E+0	-9.47094E-1	-1.62063E-3	-8.44680E-2
+4.58750E+0	-9.51051E-1	-1.16286E-3	-8.45470E-2
+4.60060E+0	-9.54857E-1	-3.90945E-3	-8.46180E-2
+4.61370E+0	-9.58512E-1	-4.67238E-3	-8.46930E-2
+4.62680E+0	-9.62017E-1	-3.29909E-3	-8.47531E-2
+4.63990E+0	-9.65369E-1	-5.43532E-3	-8.48216E-2
+4.65310E+0	-9.68594E-1	-2.76504E-3	-8.48774E-2
+4.66620E+0	-9.71640E-1	+9.73367E-4	-8.49381E-2
+4.67930E+0	-9.74533E-1	-1.77321E-3	-8.49922E-2
+4.69240E+0	-9.77273E-1	-1.21492E-2	-8.50458E-2
+4.70550E+0	-9.79858E-1	+1.81260E-3	-8.51063E-2
+4.71860E+0	-9.82289E-1	+4.25401E-3	-8.51460E-2
+4.73170E+0	-9.84564E-1	-1.46804E-3	-8.51952E-2
+4.74480E+0	-9.86685E-1	-5.52512E-4	-8.52375E-2
+4.75790E+0	-9.88650E-1	-4.06203E-3	-8.52846E-2
+4.77100E+0	-9.90459E-1	+1.04966E-3	-8.53197E-2
+4.78410E+0	-9.92111E-1	-3.29909E-3	-8.53546E-2
+4.79720E+0	-9.93608E-1	-5.58791E-3	-8.53886E-2
+4.81030E+0	-9.94947E-1	-4.76218E-4	-8.54187E-2
+4.82340E+0	-9.96129E-1	-1.64217E-2	-8.54531E-2
+4.83660E+0	-9.97162E-1	-6.50344E-3	-8.54808E-2
+4.84970E+0	-9.98029E-1	+2.42295E-3	-8.55005E-2
+4.86280E+0	-9.98738E-1	+4.39310E-4	-8.55165E-2
+4.87590E+0	-9.99290E-1	-5.74050E-3	-8.55423E-2
+4.88900E+0	-9.99685E-1	-1.62063E-3	-8.55546E-2
+4.90210E+0	-9.99921E-1	-2.45986E-3	-8.55746E-2
+4.91520E+0	-1.00000E+0	+9.73367E-4	-8.55845E-2
+4.92830E+0	-9.99921E-1	+2.10428E-4	-8.55933E-2
+4.94140E+0	-9.99685E-1	-4.67238E-3	-8.55985E-2
+4.95450E+0	-9.99290E-1	-3.14651E-3	-8.56119E-2
+4.96760E+0	-9.98738E-1	-6.27456E-3	-8.56178E-2
+4.98070E+0	-9.98029E-1	+1.12596E-3	-8.56288E-2
+4.99380E+0	-9.97162E-1	+8.22129E-3	-8.56291E-2
+5.00700E+0	-9.96129E-1	-3.37539E-3	-8.56370E-2
+5.02010E+0	-9.94947E-1	-1.12337E-2	-8.56418E-2
+5.03320E+0	-9.93608E-1	+5.93247E-3	-8.56476E-2
+5.04630E+0	-9.92111E-1	+4.78806E-3	-8.56442E-2
+5.05940E+0	-9.90459E-1	+2.19407E-3	-8.56405E-2
+5.07250E+0	-9.88650E-1	-1.62063E-3	-8.56452E-2
+5.08560E+0	-9.86685E-1	+4.25401E-3	-8.56359E-2
+5.09870E+0	-9.84564E-1	+4.78806E-3	-8.56416E-2
+5.11180E+0	-9.82289E-1	+5.93247E-3	-8.56424E-2
+5.12490E+0	-9.79858E-1	+2.18779E-2	-8.56340E-2
+5.13800E+0	-9.77273E-1	+1.79106E-2	-8.56042E-2
+5.15110E+0	-9.74533E-1	-9.78408E-3	-8.56072E-2
+5.16420E+0	-9.71640E-1	-1.09285E-2	-8.56031E-2
+5.17730E+0	-9.68594E-1	-3.29909E-3	-8.55942E-2
+5.19050E+0	-9.65369E-1	+5.15604E-4	-8.55830E-2
+5.20360E+0	-9.62017E-1	+3.64366E-3	-8.55652E-2
+5.21670E+0	-9.58512E-1	+8.20779E-4	-8.55545E-2
+5.22980E+0	-9.54857E-1	+9.73367E-4	-8.55383E-2
+5.24290E+0	-9.51051E-1	-3.99924E-4	-8.55166E-2
+5.25600E+0	-9.47094E-1	+4.71177E-3	-8.54964E-2
+5.26910E+0	-9.42989E-1	+1.58372E-3	-8.54782E-2
+5.28220E+0	-9.38734E-1	-2.53615E-3	-8.54516E-2
+5.29530E+0	-9.34332E-1	+8.97073E-4	-8.54228E-2
+5.30840E+0	-9.29782E-1	+4.94065E-3	-8.53943E-2
+5.32150E+0	-9.25086E-1	+2.80442E-3	-8.53643E-2
+5.33460E+0	-9.20243E-1	+1.81260E-3	-8.53355E-2
+5.34770E+0	-9.15256E-1	+3.63016E-4	-8.53021E-2
+5.36080E+0	-9.10124E-1	+5.39842E-3	-8.52713E-2
+5.37400E+0	-9.04807E-1	+2.49925E-3	-8.52314E-2
+5.38710E+0	-8.99388E-1	+9.13682E-3	-8.51948E-2
+5.40020E+0	-8.93827E-1	-1.84951E-3	-8.51539E-2
+5.41330E+0	-8.88125E-1	+5.78400E-5	-8.51026E-2
+5.42640E+0	-8.82283E-1	+4.94065E-3	-8.50550E-2
+5.43950E+0	-8.76301E-1	+7.83982E-3	-8.50057E-2
+5.45260E+0	-8.70181E-1	+4.63548E-3	-8.49583E-2
+5.46570E+0	-8.63925E-1	+6.16136E-3	-8.49024E-2
+5.47880E+0	-8.57531E-1	+1.81260E-3	-8.48475E-2
+5.49190E+0	-8.51003E-1	+3.63016E-4	-8.47836E-2
+5.50500E+0	-8.44340E-1	+7.30576E-3	-8.47263E-2
+5.51810E+0	-8.37544E-1	+6.61912E-3	-8.46547E-2
+5.53120E+0	-8.30616E-1	+8.06870E-3	-8.45820E-2
+5.54430E+0	-8.23557E-1	+2.86722E-4	-8.45108E-2
+5.55750E+0	-8.16313E-1	+7.38206E-3	-8.44312E-2
+5.57060E+0	-8.08994E-1	+5.09324E-3	-8.43502E-2
+5.58370E+0	-8.01548E-1	+7.68723E-3	-8.42694E-2
+5.59680E+0	-7.93975E-1	+1.13493E-2	-8.41737E-2
+5.60990E+0	-7.86278E-1	+4.17771E-3	-8.40852E-2
+5.62300E+0	-7.78456E-1	+9.82346E-3	-8.39848E-2
+5.63610E+0	-7.70511E-1	+1.04338E-2	-8.38914E-2
+5.64920E+0	-7.62444E-1	+7.38206E-3	-8.37798E-2
+5.66230E+0	-7.54258E-1	+9.67088E-3	-8.36735E-2
+5.67540E+0	-7.45952E-1	+9.67088E-3	-8.35584E-2
+5.68850E+0	-7.37529E-1	+7.38206E-3	-8.34356E-2
+5.70160E+0	-7.28990E-1	+8.45017E-3	-8.33136E-2
+5.71470E+0	-7.20335E-1	+1.40196E-2	-8.31772E-2
+5.72780E+0	-7.11567E-1	+1.18071E-2	-8.30433E-2
+5.74100E+0	-7.02618E-1	+1.39433E-2	-8.28982E-2
+5.75410E+0	-6.93626E-1	+8.60276E-3	-8.27470E-2
+5.76720E+0	-6.84525E-1	+1.56218E-2	-8.25910E-2
+5.78030E+0	-6.75315E-1	+1.31804E-2	-8.24295E-2
+5.79340E+0	-6.65999E-1	+1.82921E-2	-8.22568E-2
+5.80650E+0	-6.56578E-1	+8.75535E-3	-8.20737E-2
+5.81960E+0	-6.47054E-1	+1.77580E-2	-8.18892E-2
+5.83270E+0	-6.37427E-1	+1.25700E-2	-8.16959E-2
+5.84580E+0	-6.27700E-1	+1.51640E-2	-8.14792E-2
+5.85890E+0	-6.17873E-1	+2.11913E-2	-8.12792E-2
+5.87200E+0	-6.07950E-1	+1.60033E-2	-8.10439E-2
+5.88510E+0	-5.97930E-1	+2.17253E-2	-8.08089E-2
+5.89820E+0	-5.87816E-1	+2.05046E-2	-8.05675E-2
+5.91130E+0	-5.77610E-1	+1.53166E-2	-8.03055E-2
+5.92450E+0	-5.67233E-1	+2.43956E-2	-8.00356E-2
+5.93760E+0	-5.56845E-1	+2.35564E-2	-7.97683E-2
+5.95070E+0	-5.46369E-1	+1.28752E-2	-7.94625E-2
+5.96380E+0	-5.35807E-1	+2.82866E-2	-7.91283E-2
+5.97690E+0	-5.25161E-1	+3.98070E-2	-7.88336E-2
+5.99000E+0	-5.14432E-1	+1.76054E-2	-7.84984E-2
+6.00310E+0	-5.03621E-1	+1.50877E-2	-7.81017E-2
+6.01620E+0	-4.92731E-1	+4.88860E-2	-7.77175E-2
+6.02930E+0	-4.81764E-1	+4.98015E-2	-7.73627E-2
+6.04240E+0	-4.70720E-1	+1.43248E-2	-7.69443E-2
+6.05550E+0	-4.59602E-1	+1.56981E-2	-7.64569E-2
+6.06860E+0	-4.48412E-1	+4.78178E-2	-7.59998E-2
+6.08170E+0	-4.37151E-1	+4.96489E-2	-7.54987E-2
+6.09480E+0	-4.25821E-1	+4.72075E-2	-7.49984E-2
+6.10800E+0	-4.14336E-1	+4.74364E-2	-7.44358E-2
+6.12110E+0	-4.02873E-1	+3.85863E-2	-7.38528E-2
+6.13420E+0	-3.91347E-1	+4.81230E-2	-7.32124E-2
+6.14730E+0	-3.79759E-1	+4.49950E-2	-7.25635E-2
+6.16040E+0	-3.68110E-1	+5.43028E-2	-7.18847E-2
+6.17350E+0	-3.56404E-1	+6.52129E-2	-7.11443E-2
+6.18660E+0	-3.44641E-1	+6.84935E-2	-7.03585E-2
+6.19970E+0	-3.32825E-1	+7.53600E-2	-6.95505E-2
+6.21280E+0	-3.20955E-1	+7.90984E-2	-6.86636E-2
+6.22590E+0	-3.09035E-1	+7.86406E-2	-6.77360E-2
+6.23900E+0	-2.97066E-1	+8.32182E-2	-6.67326E-2
+6.25210E+0	-2.85051E-1	+8.43626E-2	-6.56910E-2
+6.26520E+0	-2.72990E-1	+9.01610E-2	-6.45777E-2
+6.27830E+0	-2.60887E-1	+8.55071E-2	-6.33954E-2
+6.29150E+0	-2.48649E-1	+9.40520E-2	-6.21262E-2
+6.30460E+0	-2.36465E-1	+8.84825E-2	-6.07918E-2
+6.31770E+0	-2.24243E-1	+9.96977E-2	-5.93859E-2
+6.33080E+0	-2.11986E-1	+9.79430E-2	-5.78715E-2
+6.34390E+0	-1.99696E-1	+1.03894E-1	-5.62465E-2
+6.35700E+0	-1.87374E-1	+9.86296E-2	-5.45613E-2
+6.37010E+0	-1.75022E-1	+1.07937E-1	-5.27568E-2
+6.38320E+0	-1.62643E-1	+1.11676E-1	-5.08365E-2
+6.39630E+0	-1.50238E-1	+1.34106E-1	-4.87729E-2
+6.40940E+0	-1.37810E-1	+1.42651E-1	-4.65712E-2
+6.42250E+0	-1.25360E-1	+1.85757E-1	-4.42579E-2
+6.43560E+0	-1.12890E-1	+2.04907E-1	-4.18243E-2
+6.44870E+0	-1.00402E-1	+2.18793E-1	-3.91778E-2
+6.46180E+0	-8.78986E-2	+2.04831E-1	-3.63752E-2
+6.47500E+0	-7.52855E-2	+2.30313E-1	-3.32383E-2
+6.48810E+0	-6.27561E-2	+2.53049E-1	-2.99169E-2
+6.50120E+0	-5.02167E-2	+2.86008E-1	-2.62479E-2
+6.51430E+0	-3.76695E-2	+2.83948E-1	-2.23998E-2
+6.52740E+0	-2.51163E-2	+3.17441E-1	-1.82304E-2
+6.54050E+0	-1.25591E-2	+3.20874E-1	-1.40478E-2
+6.55360E+0	-7.75427E-15	+3.38345E-1	-9.69707E-3
+6.56670E+0	+1.25591E-2	+3.08209E-1	-5.58282E-3
+6.57980E+0	+2.51163E-2	+3.29724E-1	-1.17073E-3
+6.59290E+0	+3.76695E-2	+3.23086E-1	+2.96394E-3
+6.60600E+0	+5.02167E-2	+3.09811E-1	+7.23252E-3
+6.61910E+0	+6.27561E-2	+3.06607E-1	+1.11385E-2
+6.63220E+0	+7.52855E-2	+2.87533E-1	+1.50642E-2
+6.64540E+0	+8.78986E-2	+2.89975E-1	+1.87655E-2
+6.65850E+0	+1.00402E-1	+2.74258E-1	+2.23351E-2
+6.67160E+0	+1.12890E-1	+2.58923E-1	+2.56218E-2
+6.68470E+0	+1.25360E-1	+2.45877E-1	+2.88814E-2
+6.69780E+0	+1.37810E-1	+2.38324E-1	+3.19082E-2
+6.71090E+0	+1.50238E-1	+2.36035E-1	+3.48384E-2
+6.72400E+0	+1.62643E-1	+2.16733E-1	+3.75063E-2
+6.73710E+0	+1.75022E-1	+1.95447E-1	+4.01661E-2
+6.75020E+0	+1.87374E-1	+1.90869E-1	+4.26656E-2
+6.76330E+0	+1.99696E-1	+1.75992E-1	+4.50505E-2
+6.77640E+0	+2.11986E-1	+1.78815E-1	+4.72486E-2
+6.78950E+0	+2.24243E-1	+1.75381E-1	+4.93897E-2
+6.80260E+0	+2.36465E-1	+1.71719E-1	+5.14009E-2
+6.81570E+0	+2.48649E-1	+1.60580E-1	+5.33680E-2
+6.82890E+0	+2.60887E-1	+1.51349E-1	+5.52078E-2
+6.84200E+0	+2.72990E-1	+1.43109E-1	+5.69977E-2
+6.85510E+0	+2.85051E-1	+1.36319E-1	+5.86810E-2
+6.86820E+0	+2.97066E-1	+1.20526E-1	+6.02904E-2
+6.88130E+0	+3.09035E-1	+1.12973E-1	+6.17856E-2
+6.89440E+0	+3.20955E-1	+1.05191E-1	+6.32367E-2
+6.90750E+0	+3.32825E-1	+9.92400E-2	+6.45996E-2
+6.92060E+0	+3.44641E-1	+9.35942E-2	+6.59089E-2
+6.93370E+0	+3.56404E-1	+9.38994E-2	+6.71210E-2
+6.94680E+0	+3.68110E-1	+9.51964E-2	+6.83126E-2
+6.95990E+0	+3.79759E-1	+8.71092E-2	+6.94279E-2
+6.97300E+0	+3.91347E-1	+8.45915E-2	+7.05058E-2
+6.98610E+0	+4.02873E-1	+7.72673E-2	+7.15002E-2
+6.99920E+0	+4.14336E-1	+6.91802E-2	+7.24493E-2
+7.01240E+0	+4.25821E-1	+6.95616E-2	+7.33621E-2
+7.02550E+0	+4.37151E-1	+7.13927E-2	+7.42344E-2
+7.03860E+0	+4.48412E-1	+7.04772E-2	+7.50515E-2
+7.05170E+0	+4.59602E-1	+6.39922E-2	+7.58427E-2
+7.06480E+0	+4.70720E-1	+5.06407E-2	+7.65789E-2
+7.07790E+0	+4.81764E-1	+4.80467E-2	+7.73003E-2
+7.09100E+0	+4.92731E-1	+4.44609E-2	+7.80036E-2
+7.10410E+0	+5.03621E-1	+5.02593E-2	+7.86400E-2
+7.11720E+0	+5.14432E-1	+5.68205E-2	+7.92510E-2
+7.13030E+0	+5.25161E-1	+4.08751E-2	+7.98260E-2
+7.14340E+0	+5.35807E-1	+3.44664E-2	+8.04052E-2
+7.15650E+0	+5.46369E-1	+4.57579E-2	+8.09506E-2
+7.16960E+0	+5.56845E-1	+4.91911E-2	+8.14358E-2
+7.18270E+0	+5.67233E-1	+2.55400E-2	+8.19186E-2
+7.19590E+0	+5.77610E-1	+2.28697E-2	+8.24279E-2
+7.20900E+0	+5.87816E-1	+4.88097E-2	+8.28741E-2
+7.22210E+0	+5.97930E-1	+3.57634E-2	+8.32563E-2
+7.23520E+0	+6.07950E-1	+1.01286E-2	+8.36870E-2
+7.24830E+0	+6.17873E-1	+4.06462E-2	+8.40850E-2
+7.26140E+0	+6.27700E-1	+3.15672E-2	+8.44240E-2
+7.27450E+0	+6.37427E-1	+1.40959E-2	+8.48242E-2
+7.28760E+0	+6.47054E-1	+4.01885E-2	+8.51490E-2
+7.30070E+0	+6.56578E-1	+1.57744E-2	+8.54675E-2
+7.31380E+0	+6.65999E-1	+2.79814E-2	+8.58016E-2
+7.32690E+0	+6.75315E-1	+2.10387E-2	+8.60885E-2
+7.34000E+0	+6.84525E-1	+2.68370E-2	+8.63977E-2
+7.35310E+0	+6.93626E-1	+1.72240E-2	+8.66578E-2
+7.36620E+0	+7.02618E-1	+1.98943E-2	+8.69364E-2
+7.37940E+0	+7.11567E-1	+1.10442E-2	+8.71896E-2
+7.39250E+0	+7.20335E-1	+2.23357E-2	+8.74427E-2
+7.40560E+0	+7.28990E-1	+1.53929E-2	+8.76769E-2
+7.41870E+0	+7.37529E-1	+2.27934E-2	+8.79055E-2
+7.43180E+0	+7.45952E-1	+1.94365E-2	+8.81321E-2
+7.44490E+0	+7.54258E-1	+1.76054E-2	+8.83368E-2
+7.45800E+0	+7.62444E-1	+2.14201E-2	+8.85429E-2
+7.47110E+0	+7.70511E-1	+1.50877E-2	+8.87453E-2
+7.48420E+0	+7.78456E-1	+1.15019E-2	+8.89325E-2
+7.49730E+0	+7.86278E-1	+1.38670E-2	+8.91113E-2
+7.51040E+0	+7.93975E-1	+1.35619E-2	+8.92871E-2
+7.52350E+0	+8.01548E-1	+1.16545E-2	+8.94428E-2
+7.53660E+0	+8.08994E-1	+1.16545E-2	+8.96055E-2
+7.54970E+0	+8.16313E-1	+1.31041E-2	+8.97556E-2
+7.56290E+0	+8.23557E-1	+1.24175E-2	+8.99122E-2
+7.57600E+0	+8.30616E-1	+1.02812E-2	+9.00638E-2
+7.58910E+0	+8.37544E-1	+8.29759E-3	+9.01918E-2
+7.60220E+0	+8.44340E-1	+9.36570E-3	+9.03238E-2
+7.61530E+0	+8.51003E-1	+1.05864E-2	+9.04567E-2
+7.62840E+0	+8.57531E-1	+8.14500E-3	+9.05792E-2
+7.64150E+0	+8.63925E-1	+2.34666E-3	+9.06946E-2
+7.65460E+0	+8.70181E-1	+2.65183E-3	+9.08080E-2
+7.66770E+0	+8.76301E-1	+1.96519E-3	+9.09170E-2
+7.68080E+0	+8.82283E-1	+2.65183E-3	+9.10221E-2
+7.69390E+0	+8.88125E-1	+4.71177E-3	+9.11236E-2
+7.70700E+0	+8.93827E-1	+7.15318E-3	+9.12190E-2
+7.72010E+0	+8.99388E-1	+8.45017E-3	+9.13102E-2
+7.73320E+0	+9.04807E-1	+4.78806E-3	+9.14048E-2
+7.74640E+0	+9.10124E-1	+1.02812E-2	+9.14853E-2
+7.75950E+0	+9.15256E-1	+3.33848E-3	+9.15683E-2
+7.77260E+0	+9.20243E-1	+7.76353E-3	+9.16472E-2
+7.78570E+0	+9.25086E-1	-2.23098E-3	+9.17163E-2
+7.79880E+0	+9.29782E-1	+7.38206E-3	+9.17936E-2
+7.81190E+0	+9.34332E-1	-1.84540E-5	+9.18604E-2
+7.82500E+0	+9.38734E-1	-8.57687E-4	+9.19235E-2
+7.83810E+0	+9.42989E-1	+1.66001E-3	+9.19856E-2
+7.85120E+0	+9.47094E-1	+5.39842E-3	+9.20472E-2
+7.86430E+0	+9.51051E-1	+9.73367E-4	+9.20955E-2
+7.87740E+0	+9.54857E-1	-1.31545E-3	+9.21600E-2
+7.89050E+0	+9.58512E-1	+1.50742E-3	+9.22020E-2
+7.90360E+0	+9.62017E-1	+9.67088E-3	+9.22500E-2
+7.91670E+0	+9.65369E-1	+8.20779E-4	+9.22996E-2
+7.92990E+0	+9.68594E-1	-3.07021E-3	+9.23364E-2
+7.94300E+0	+9.71640E-1	-2.99392E-3	+9.23763E-2
+7.95610E+0	+9.74533E-1	-1.46804E-3	+9.24148E-2
+7.96920E+0	+9.77273E-1	+6.46653E-3	+9.24487E-2
+7.98230E+0	+9.79858E-1	-2.91762E-3	+9.24791E-2
+7.99540E+0	+9.82289E-1	-5.81679E-3	+9.25011E-2
+8.00850E+0	+9.84564E-1	+5.91898E-4	+9.25259E-2
+8.02160E+0	+9.86685E-1	-2.07839E-3	+9.25491E-2
+8.03470E+0	+9.88650E-1	+2.27036E-3	+9.25768E-2
+8.04780E+0	+9.90459E-1	+5.15604E-4	+9.25862E-2
+8.06090E+0	+9.92111E-1	+5.15604E-4	+9.25965E-2
+8.07400E+0	+9.93608E-1	+3.63016E-4	+9.26097E-2
+8.08710E+0	+9.94947E-1	-3.07021E-3	+9.26229E-2
+8.10020E+0	+9.96129E-1	+1.31804E-2	+9.26343E-2
+8.11340E+0	+9.97162E-1	+4.33030E-3	+9.26425E-2
+8.12650E+0	+9.98029E-1	-2.30727E-3	+9.26379E-2
+8.13960E+0	+9.98738E-1	-3.29909E-3	+9.26404E-2
+8.15270E+0	+9.99290E-1	+3.56736E-3	+9.26423E-2
+8.16580E+0	+9.99685E-1	-7.05099E-4	+9.26337E-2
+8.17890E+0	+9.99921E-1	+2.34666E-3	+9.26401E-2
+8.19200E+0	+1.00000E+0	-3.45168E-3	+9.26286E-2
+8.20510E+0	+9.99921E-1	-2.53615E-3	+9.26158E-2
+8.21820E+0	+9.99685E-1	+7.53465E-3	+9.25986E-2
+8.23130E+0	+9.99290E-1	+9.73367E-4	+9.25929E-2
+8.24440E+0	+9.98738E-1	+1.43113E-3	+9.25762E-2
+8.25750E+0	+9.98029E-1	-7.72414E-3	+9.25620E-2
+8.27060E+0	+9.97162E-1	-7.80044E-3	+9.25427E-2
+8.28380E+0	+9.96129E-1	+1.50742E-3	+9.25323E-2
+8.29690E+0	+9.94947E-1	+7.99241E-3	+9.25130E-2
+8.31000E+0	+9.93608E-1	-1.03944E-2	+9.24962E-2
+8.32310E+0	+9.92111E-1	-9.17373E-3	+9.24718E-2
+8.33620E+0	+9.90459E-1	-4.90127E-3	+9.24474E-2
+8.34930E+0	+9.88650E-1	+2.95701E-3	+9.24333E-2
+8.36240E+0	+9.86685E-1	-2.99392E-3	+9.24025E-2
+8.37550E+0	+9.84564E-1	-5.74050E-3	+9.23868E-2
+8.38860E+0	+9.82289E-1	-8.94485E-3	+9.23653E-2
+8.40170E+0	+9.79858E-1	-2.29829E-2	+9.23359E-2
+8.41480E+0	+9.77273E-1	-1.49721E-2	+9.22923E-2
+8.42790E+0	+9.74533E-1	+9.74717E-3	+9.22754E-2
+8.44100E+0	+9.71640E-1	+5.39842E-3	+9.22456E-2
+8.45410E+0	+9.68594E-1	+1.35484E-3	+9.22127E-2
+8.46730E+0	+9.65369E-1	-1.01028E-3	+9.21822E-2
+8.48040E+0	+9.62017E-1	-4.97756E-3	+9.21427E-2
+8.49350E+0	+9.58512E-1	-8.57687E-4	+9.21067E-2
+8.50660E+0	+9.54857E-1	+2.04148E-3	+9.20676E-2
+8.51970E+0	+9.51051E-1	-6.28806E-4	+9.20260E-2
+8.53280E+0	+9.47094E-1	+4.39310E-4	+9.19854E-2
+8.54590E+0	+9.42989E-1	-5.58791E-3	+9.19404E-2
+8.55900E+0	+9.38734E-1	-3.29909E-3	+9.18988E-2
+8.57210E+0	+9.34332E-1	-1.31545E-3	+9.18551E-2
+8.58520E+0	+9.29782E-1	-3.99924E-4	+9.18082E-2
+8.59830E+0	+9.25086E-1	-1.62063E-3	+9.17552E-2
+8.61140E+0	+9.20243E-1	-5.89309E-3	+9.17040E-2
+8.62450E+0	+9.15256E-1	-8.18191E-3	+9.16481E-2
+8.63760E+0	+9.10124E-1	-1.54433E-3	+9.15886E-2
+8.65080E+0	+9.04807E-1	-6.19826E-3	+9.15327E-2
+8.66390E+0	+8.99388E-1	-1.39174E-3	+9.14712E-2
+8.67700E+0	+8.93827E-1	-3.45168E-3	+9.14035E-2
+8.69010E+0	+8.88125E-1	-8.48708E-3	+9.13398E-2
+8.70320E+0	+8.82283E-1	-4.06203E-3	+9.12749E-2
+8.71630E+0	+8.76301E-1	-3.99924E-4	+9.12015E-2
+8.72940E+0	+8.70181E-1	-3.99924E-4	+9.11243E-2
+8.74250E+0	+8.63925E-1	-4.51980E-3	+9.10494E-2
+8.75560E+0	+8.57531E-1	-6.50344E-3	+9.09744E-2
+8.76870E+0	+8.51003E-1	-3.90945E-3	+9.08884E-2
+8.78180E+0	+8.44340E-1	-3.75686E-3	+9.08061E-2
+8.79490E+0	+8.37544E-1	-6.42715E-3	+9.07159E-2
+8.80800E+0	+8.30616E-1	-1.01655E-2	+9.06276E-2
+8.82110E+0	+8.23557E-1	-4.36721E-3	+9.05322E-2
+8.83430E+0	+8.16313E-1	-1.01655E-2	+9.04306E-2
+8.84740E+0	+8.08994E-1	-7.64785E-3	+9.03278E-2
+8.86050E+0	+8.01548E-1	-4.06203E-3	+9.02281E-2
+8.87360E+0	+7.93975E-1	-1.42854E-2	+9.01141E-2
+8.88670E+0	+7.86278E-1	-2.68874E-3	+9.00061E-2
+8.89980E+0	+7.78456E-1	-1.28358E-2	+8.98827E-2
+8.91290E+0	+7.70511E-1	-4.97756E-3	+8.97670E-2
+8.92600E+0	+7.62444E-1	-1.12337E-2	+8.96319E-2
+8.93910E+0	+7.54258E-1	-1.16151E-2	+8.95004E-2
+8.95220E+0	+7.45952E-1	-9.02114E-3	+8.93664E-2
+8.96530E+0	+7.37529E-1	-9.47890E-3	+8.92209E-2
+8.97840E+0	+7.28990E-1	-1.19966E-2	+8.90721E-2
+8.99150E+0	+7.20335E-1	-1.31410E-2	+8.89233E-2
+9.00460E+0	+7.11567E-1	-1.27595E-2	+8.87604E-2
+9.01780E+0	+7.02618E-1	-1.77186E-2	+8.85935E-2
+9.03090E+0	+6.93626E-1	-1.16914E-2	+8.84169E-2
+9.04400E+0	+6.84525E-1	-1.13863E-2	+8.82508E-2
+9.05710E+0	+6.75315E-1	-1.26832E-2	+8.80565E-2
+9.07020E+0	+6.65999E-1	-1.77949E-2	+8.78685E-2
+9.08330E+0	+6.56578E-1	-1.87868E-2	+8.76531E-2
+9.09640E+0	+6.47054E-1	-1.91682E-2	+8.74508E-2
+9.10950E+0	+6.37427E-1	-1.43617E-2	+8.72328E-2
+9.12260E+0	+6.27700E-1	-2.18385E-2	+8.70015E-2
+9.13570E+0	+6.17873E-1	-1.57350E-2	+8.67722E-2
+9.14880E+0	+6.07950E-1	-2.09993E-2	+8.65189E-2
+9.16190E+0	+5.97930E-1	-2.60347E-2	+8.62744E-2
+9.17500E+0	+5.87816E-1	-1.36751E-2	+8.60061E-2
+9.18810E+0	+5.77610E-1	-2.54243E-2	+8.57132E-2
+9.20130E+0	+5.67233E-1	-2.69502E-2	+8.54298E-2
+9.21440E+0	+5.56845E-1	-1.35225E-2	+8.51206E-2
+9.22750E+0	+5.46369E-1	-2.54243E-2	+8.47872E-2
+9.24060E+0	+5.35807E-1	-4.25142E-2	+8.44738E-2
+9.25370E+0	+5.25161E-1	-2.59584E-2	+8.41394E-2
+9.26680E+0	+5.14432E-1	-1.27595E-2	+8.37521E-2
+9.27990E+0	+5.03621E-1	-4.03017E-2	+8.33452E-2
+9.29300E+0	+4.92731E-1	-4.98384E-2	+8.29823E-2
+9.30610E+0	+4.81764E-1	-2.01601E-2	+8.25690E-2
+9.31920E+0	+4.70720E-1	-1.42854E-2	+8.20834E-2
+9.33230E+0	+4.59602E-1	-4.75496E-2	+8.16093E-2
+9.34540E+0	+4.48412E-1	-5.59419E-2	+8.11591E-2
+9.35850E+0	+4.37151E-1	-4.64815E-2	+8.06385E-2
+9.37160E+0	+4.25821E-1	-3.89284E-2	+8.00946E-2
+9.38480E+0	+4.14336E-1	-3.93861E-2	+7.95108E-2
+9.39790E+0	+4.02873E-1	-4.37349E-2	+7.88993E-2
+9.41100E+0	+3.91347E-1	-4.67866E-2	+7.82714E-2
+9.42410E+0	+3.79759E-1	-5.80781E-2	+7.75822E-2
+9.43720E+0	+3.68110E-1	-5.51790E-2	+7.68621E-2
+9.45030E+0	+3.56404E-1	-6.34187E-2	+7.61036E-2
+9.46340E+0	+3.44641E-1	-6.78438E-2	+7.53003E-2
+9.47650E+0	+3.32825E-1	-6.63179E-2	+7.44393E-2
+9.48960E+0	+3.20955E-1	-7.14296E-2	+7.35324E-2
+9.50270E+0	+3.09035E-1	-6.86067E-2	+7.25609E-2
+9.51580E+0	+2.97066E-1	-7.17348E-2	+7.15599E-2
+9.52890E+0	+2.85051E-1	-7.98982E-2	+7.04715E-2
+9.54200E+0	+2.72990E-1	-7.91353E-2	+6.93245E-2
+9.55510E+0	+2.60887E-1	-8.14241E-2	+6.80978E-2
+9.56830E+0	+2.48649E-1	-8.52388E-2	+6.68221E-2
+9.58140E+0	+2.36465E-1	-9.14949E-2	+6.54418E-2
+9.59450E+0	+2.24243E-1	-9.57674E-2	+6.40120E-2
+9.60760E+0	+2.11986E-1	-1.05991E-1	+6.24841E-2
+9.62070E+0	+1.99696E-1	-1.13010E-1	+6.08895E-2
+9.63380E+0	+1.87374E-1	-1.36127E-1	+5.91666E-2
+9.64690E+0	+1.75022E-1	-1.41849E-1	+5.73448E-2
+9.66000E+0	+1.62643E-1	-1.60999E-1	+5.54017E-2
+9.67310E+0	+1.50238E-1	-1.71069E-1	+5.34018E-2
+9.68620E+0	+1.37810E-1	-1.88312E-1	+5.11961E-2
+9.69930E+0	+1.25360E-1	-2.00824E-1	+4.89084E-2
+9.71240E+0	+1.12890E-1	-2.14710E-1	+4.64420E-2
+9.72550E+0	+1.00402E-1	-2.11963E-1	+4.38428E-2
+9.73860E+0	+8.78986E-2	-2.37369E-1	+4.09347E-2
+9.75180E+0	+7.52855E-2	-2.49652E-1	+3.78429E-2
+9.76490E+0	+6.27561E-2	-2.68192E-1	+3.44847E-2
+9.77800E+0	+5.02167E-2	-2.75211E-1	+3.09010E-2
+9.79110E+0	+3.76695E-2	-3.10459E-1	+2.69832E-2
+9.80420E+0	+2.51163E-2	-2.99243E-1	+2.30327E-2
+9.81730E+0	+1.25591E-2	-3.16409E-1	+1.88428E-2
+9.83040E+0	+1.14834E-14	-3.07102E-1	+1.48772E-2
+9.84350E+0	-1.25591E-2	-3.13053E-1	+1.05772E-2
+9.85660E+0	-2.51163E-2	-3.12518E-1	+6.40266E-3
+9.86970E+0	-3.76695E-2	-2.92682E-1	+2.27148E-3
+9.88280E+0	-5.02167E-2	-2.84747E-1	-1.65973E-3
+9.89590E+0	-6.27561E-2	-2.85282E-1	-5.58584E-3
+9.90900E+0	-7.52855E-2	-2.65598E-1	-9.18155E-3
+9.92220E+0	-8.78986E-2	-2.44693E-1	-1.27862E-2
+9.93530E+0	-1.00402E-1	-2.51865E-1	-1.60487E-2
+9.94840E+0	-1.12890E-1	-2.32028E-1	-1.93239E-2
+9.96150E+0	-1.25360E-1	-2.33478E-1	-2.23684E-2
+9.97460E+0	-1.37810E-1	-2.07919E-1	-2.52822E-2
+9.98770E+0	-1.50238E-1	-2.18448E-1	-2.79970E-2
+1.00008E+1	-1.62643E-1	-1.86252E-1	-3.06079E-2
+1.00139E+1	-1.75022E-1	-1.79920E-1	-3.30982E-2
+1.00270E+1	-1.87374E-1	-1.66416E-1	-3.54778E-2
+1.00401E+1	-1.99696E-1	-1.78012E-1	-3.76820E-2
+1.00532E+1	-2.11986E-1	-1.65500E-1	-3.98592E-2
+1.00663E+1	-2.24243E-1	-1.61990E-1	-4.19172E-2
+1.00794E+1	-2.36465E-1	-1.50012E-1	-4.38843E-2
+1.00925E+1	-2.48649E-1	-1.58634E-1	-4.57606E-2
+1.01057E+1	-2.60887E-1	-1.48944E-1	-4.75765E-2
+1.01188E+1	-2.72990E-1	-1.53980E-1	-4.92725E-2
+1.01319E+1	-2.85051E-1	-1.45206E-1	-5.08803E-2
+1.01450E+1	-2.97066E-1	-1.45130E-1	-5.24055E-2
+1.01581E+1	-3.09035E-1	-1.39102E-1	-5.39134E-2
+1.01712E+1	-3.20955E-1	-1.38721E-1	-5.53225E-2
+1.01843E+1	-3.32825E-1	-1.31168E-1	-5.66621E-2
+1.01974E+1	-3.44641E-1	-1.19953E-1	-5.79267E-2
+1.02105E+1	-3.56404E-1	-1.05533E-1	-5.91504E-2
+1.02236E+1	-3.68110E-1	-9.31734E-2	-6.02916E-2
+1.02367E+1	-3.79759E-1	-7.73042E-2	-6.13815E-2
+1.02498E+1	-3.91347E-1	-7.28029E-2	-6.23952E-2
+1.02629E+1	-4.02873E-1	-7.54732E-2	-6.34144E-2
+1.02760E+1	-4.14336E-1	-7.28792E-2	-6.43766E-2
+1.02892E+1	-4.25821E-1	-7.10481E-2	-6.52998E-2
+1.03023E+1	-4.37151E-1	-6.66994E-2	-6.61456E-2
+1.03154E+1	-4.48412E-1	-6.00618E-2	-6.69735E-2
+1.03285E+1	-4.59602E-1	-5.92226E-2	-6.77718E-2
+1.03416E+1	-4.70720E-1	-4.08357E-2	-6.85268E-2
+1.03547E+1	-4.81764E-1	-4.73207E-2	-6.92227E-2
+1.03678E+1	-4.92731E-1	-6.26558E-2	-6.99144E-2
+1.03809E+1	-5.03621E-1	-5.38057E-2	-7.05528E-2
+1.03940E+1	-5.14432E-1	-5.15169E-2	-7.11584E-2
+1.04071E+1	-5.25161E-1	-3.41981E-2	-7.17680E-2
+1.04202E+1	-5.35807E-1	-4.16749E-2	-7.23375E-2
+1.04333E+1	-5.46369E-1	-5.54842E-2	-7.28717E-2
+1.04464E+1	-5.56845E-1	-3.10701E-2	-7.33819E-2
+1.04595E+1	-5.67233E-1	-2.00838E-2	-7.38981E-2
+1.04727E+1	-5.77610E-1	-4.67103E-2	-7.43860E-2
+1.04858E+1	-5.87816E-1	-4.93806E-2	-7.47880E-2
+1.04989E+1	-5.97930E-1	-1.40565E-2	-7.52498E-2
+1.05120E+1	-6.07950E-1	-3.53426E-2	-7.56963E-2
+1.05251E+1	-6.17873E-1	-4.83125E-2	-7.60615E-2
+1.05382E+1	-6.27700E-1	-5.74050E-3	-7.64516E-2
+1.05513E+1	-6.37427E-1	-3.29011E-2	-7.68563E-2
+1.05644E+1	-6.47054E-1	-3.69447E-2	-7.71756E-2
+1.05775E+1	-6.56578E-1	-1.85579E-2	-7.75333E-2
+1.05906E+1	-6.65999E-1	-3.57240E-2	-7.78608E-2
+1.06037E+1	-6.75315E-1	-1.80238E-2	-7.81779E-2
+1.06168E+1	-6.84525E-1	-2.59584E-2	-7.84681E-2
+1.06299E+1	-6.93626E-1	-1.32173E-2	-7.87741E-2
+1.06430E+1	-7.02618E-1	-2.42036E-2	-7.90559E-2
+1.06562E+1	-7.11567E-1	-1.33699E-2	-7.93393E-2
+1.06693E+1	-7.20335E-1	-2.21437E-2	-7.95890E-2
+1.06824E+1	-7.28990E-1	-1.56587E-2	-7.98462E-2
+1.06955E+1	-7.37529E-1	-1.68031E-2	-8.00834E-2
+1.07086E+1	-7.45952E-1	-2.16096E-2	-8.03275E-2
+1.07217E+1	-7.54258E-1	-1.87105E-2	-8.05539E-2
+1.07348E+1	-7.62444E-1	-2.23726E-2	-8.07698E-2
+1.07479E+1	-7.70511E-1	-1.98549E-2	-8.09874E-2
+1.07610E+1	-7.78456E-1	-1.72609E-2	-8.11885E-2
+1.07741E+1	-7.86278E-1	-1.53535E-2	-8.13814E-2
+1.07872E+1	-7.93975E-1	-1.89394E-2	-8.15803E-2
+1.08003E+1	-8.01548E-1	-1.50484E-2	-8.17658E-2
+1.08134E+1	-8.08994E-1	-1.42854E-2	-8.19510E-2
+1.08265E+1	-8.16313E-1	-8.79226E-3	-8.21178E-2
+1.08397E+1	-8.23557E-1	-1.67268E-2	-8.22914E-2
+1.08528E+1	-8.30616E-1	-1.00130E-2	-8.24537E-2
+1.08659E+1	-8.37544E-1	-1.03944E-2	-8.26101E-2
+1.08790E+1	-8.44340E-1	-1.45906E-2	-8.27677E-2
+1.08921E+1	-8.51003E-1	-1.19966E-2	-8.29164E-2
+1.09052E+1	-8.57531E-1	-7.34267E-3	-8.30593E-2
+1.09183E+1	-8.63925E-1	-7.72414E-3	-8.31927E-2
+1.09314E+1	-8.70181E-1	-7.80044E-3	-8.33240E-2
+1.09445E+1	-8.76301E-1	-5.51162E-3	-8.34495E-2
+1.09576E+1	-8.82283E-1	-7.26638E-3	-8.35745E-2
+1.09707E+1	-8.88125E-1	-1.18440E-2	-8.36996E-2
+1.09838E+1	-8.93827E-1	-2.99392E-3	-8.38171E-2
+1.09969E+1	-8.99388E-1	-1.04707E-2	-8.39280E-2
+1.10100E+1	-9.04807E-1	-1.64217E-2	-8.40411E-2
+1.10232E+1	-9.10124E-1	-6.65603E-3	-8.41413E-2
+1.10363E+1	-9.15256E-1	-3.83315E-3	-8.42411E-2
+1.10494E+1	-9.20243E-1	-1.23018E-2	-8.43375E-2
+1.10625E+1	-9.25086E-1	-5.74050E-3	-8.44365E-2
+1.10756E+1	-9.29782E-1	-2.30727E-3	-8.45291E-2
+1.10887E+1	-9.34332E-1	-8.10561E-3	-8.46149E-2
+1.11018E+1	-9.38734E-1	-9.32632E-3	-8.47011E-2
+1.11149E+1	-9.42989E-1	-8.18191E-3	-8.47851E-2
+1.11280E+1	-9.47094E-1	-2.30727E-3	-8.48589E-2
+1.11411E+1	-9.51051E-1	-2.68874E-3	-8.49374E-2
+1.11542E+1	-9.54857E-1	-6.28806E-4	-8.50085E-2
+1.11673E+1	-9.58512E-1	-4.36721E-3	-8.50836E-2
+1.11804E+1	-9.62017E-1	-2.07839E-3	-8.51434E-2
+1.11935E+1	-9.65369E-1	-5.58791E-3	-8.52108E-2
+1.12067E+1	-9.68594E-1	-2.45986E-3	-8.52665E-2
+1.12198E+1	-9.71640E-1	+5.91898E-4	-8.53279E-2
+1.12329E+1	-9.74533E-1	-2.38357E-3	-8.53821E-2
+1.12460E+1	-9.77273E-1	-1.32173E-2	-8.54356E-2
+1.12591E+1	-9.79858E-1	+2.65183E-3	-8.54972E-2
+1.12722E+1	-9.82289E-1	+4.10142E-3	-8.55363E-2
+1.12853E+1	-9.84564E-1	-1.77321E-3	-8.55842E-2
+1.12984E+1	-9.86685E-1	-2.30727E-3	-8.56267E-2
+1.13115E+1	-9.88650E-1	-5.51162E-3	-8.56734E-2
+1.13246E+1	-9.90459E-1	+5.78400E-5	-8.57080E-2
+1.13377E+1	-9.92111E-1	-4.21462E-3	-8.57435E-2
+1.13508E+1	-9.93608E-1	-4.67238E-3	-8.57769E-2
+1.13639E+1	-9.94947E-1	-7.05099E-4	-8.58077E-2
+1.13770E+1	-9.96129E-1	-1.47432E-2	-8.58409E-2
+1.13902E+1	-9.97162E-1	-6.96120E-3	-8.58694E-2
+1.14033E+1	-9.98029E-1	+1.66001E-3	-8.58883E-2
+1.14164E+1	-9.98738E-1	-9.47479E-5	-8.59048E-2
+1.14295E+1	-9.99290E-1	-6.12197E-3	-8.59313E-2
+1.14426E+1	-9.99685E-1	-2.30727E-3	-8.59452E-2
+1.14557E+1	-9.99921E-1	-2.38357E-3	-8.59641E-2
+1.14688E+1	-1.00000E+0	+1.50742E-3	-8.59738E-2
+1.14819E+1	-9.99921E-1	+9.73367E-4	-8.59837E-2
+1.14950E+1	-9.99685E-1	-5.58791E-3	-8.59890E-2
+1.15081E+1	-9.99290E-1	-1.54433E-3	-8.60027E-2
+1.15212E+1	-9.98738E-1	-5.43532E-3	-8.60091E-2
+1.15343E+1	-9.98029E-1	+2.49925E-3	-8.60186E-2
+1.15474E+1	-9.97162E-1	+7.99241E-3	-8.60189E-2
+1.15606E+1	-9.96129E-1	-3.14651E-3	-8.60264E-2
+1.15737E+1	-9.94947E-1	-1.07759E-2	-8.60307E-2
+1.15868E+1	-9.93608E-1	+6.77171E-3	-8.60373E-2
+1.15999E+1	-9.92111E-1	+5.32212E-3	-8.60328E-2
+1.16130E+1	-9.90459E-1	+9.73367E-4	-8.60298E-2
+1.16261E+1	-9.88650E-1	-4.21462E-3	-8.60349E-2
+1.16392E+1	-9.86685E-1	+2.88072E-3	-8.60258E-2
+1.16523E+1	-9.84564E-1	+5.09324E-3	-8.60311E-2
+1.16654E+1	-9.82289E-1	+7.45835E-3	-8.60304E-2
+1.16785E+1	-9.79858E-1	+2.18016E-2	-8.60214E-2
+1.16916E+1	-9.77273E-1	+1.66899E-2	-8.59913E-2
+1.17047E+1	-9.74533E-1	-1.16914E-2	-8.59949E-2
+1.17178E+1	-9.71640E-1	-1.12337E-2	-8.59921E-2
+1.17309E+1	-9.68594E-1	-2.61245E-3	-8.59833E-2
+1.17441E+1	-9.65369E-1	+1.43113E-3	-8.59726E-2
+1.17572E+1	-9.62017E-1	+4.55918E-3	-8.59537E-2
+1.17703E+1	-9.58512E-1	+5.15604E-4	-8.59422E-2
+1.17834E+1	-9.54857E-1	+1.50742E-3	-8.59269E-2
+1.17965E+1	-9.51051E-1	-1.84540E-5	-8.59066E-2
+1.18096E+1	-9.47094E-1	+4.17771E-3	-8.58877E-2
+1.18227E+1	-9.42989E-1	+1.43113E-3	-8.58676E-2
+1.18358E+1	-9.38734E-1	-4.13833E-3	-8.58399E-2
+1.18489E+1	-9.34332E-1	+2.86722E-4	-8.58108E-2
+1.18620E+1	-9.29782E-1	+4.63548E-3	-8.57826E-2
+1.18751E+1	-9.25086E-1	+2.34666E-3	-8.57524E-2
+1.18882E+1	-9.20243E-1	+3.26219E-3	-8.57232E-2
+1.19013E+1	-9.15256E-1	+5.78400E-5	-8.56905E-2
+1.19144E+1	-9.10124E-1	+5.24583E-3	-8.56594E-2
+1.19276E+1	-9.04807E-1	+3.18589E-3	-8.56196E-2
+1.19407E+1	-8.99388E-1	+7.30576E-3	-8.55833E-2
+1.19538E+1	-8.93827E-1	-4.76218E-4	-8.55415E-2
+1.19669E+1	-8.88125E-1	+2.10428E-4	-8.54916E-2
+1.19800E+1	-8.82283E-1	+4.33030E-3	-8.54439E-2
+1.19931E+1	-8.76301E-1	+6.39024E-3	-8.53938E-2
+1.20062E+1	-8.70181E-1	+4.02513E-3	-8.53457E-2
+1.20193E+1	-8.63925E-1	+5.24583E-3	-8.52897E-2
+1.20324E+1	-8.57531E-1	+3.56736E-3	-8.52344E-2
+1.20455E+1	-8.51003E-1	+5.91898E-4	-8.51721E-2
+1.20586E+1	-8.44340E-1	+7.53465E-3	-8.51128E-2
+1.20717E+1	-8.37544E-1	+6.46653E-3	-8.50435E-2
+1.20848E+1	-8.30616E-1	+7.68723E-3	-8.49701E-2
+1.20979E+1	-8.23557E-1	+1.73631E-3	-8.49007E-2
+1.21111E+1	-8.16313E-1	+6.54283E-3	-8.48181E-2
+1.21242E+1	-8.08994E-1	+6.84800E-3	-8.47402E-2
+1.21373E+1	-8.01548E-1	+5.16953E-3	-8.46593E-2
+1.21504E+1	-7.93975E-1	+1.18071E-2	-8.45623E-2
+1.21635E+1	-7.86278E-1	+5.24583E-3	-8.44730E-2
+1.21766E+1	-7.78456E-1	+8.60276E-3	-8.43728E-2
+1.21897E+1	-7.70511E-1	+7.22947E-3	-8.42828E-2
+1.22028E+1	-7.62444E-1	+8.90794E-3	-8.41683E-2
+1.22159E+1	-7.54258E-1	+9.21311E-3	-8.40642E-2
+1.22290E+1	-7.45952E-1	+9.36570E-3	-8.39506E-2
+1.22421E+1	-7.37529E-1	+8.06870E-3	-8.38269E-2
+1.22552E+1	-7.28990E-1	+9.06053E-3	-8.37026E-2
+1.22683E+1	-7.20335E-1	+1.40959E-2	-8.35686E-2
+1.22814E+1	-7.11567E-1	+1.15019E-2	-8.34352E-2
+1.22946E+1	-7.02618E-1	+1.66899E-2	-8.32877E-2
+1.23077E+1	-6.93626E-1	+6.16136E-3	-8.31368E-2
+1.23208E+1	-6.84525E-1	+1.50115E-2	-8.29811E-2
+1.23339E+1	-6.75315E-1	+1.25700E-2	-8.28196E-2
+1.23470E+1	-6.65999E-1	+1.76054E-2	-8.26498E-2
+1.23601E+1	-6.56578E-1	+7.68723E-3	-8.24646E-2
+1.23732E+1	-6.47054E-1	+1.77580E-2	-8.22815E-2
+1.23863E+1	-6.37427E-1	+1.24175E-2	-8.20874E-2
+1.23994E+1	-6.27700E-1	+1.46300E-2	-8.18731E-2
+1.24125E+1	-6.17873E-1	+1.91313E-2	-8.16739E-2
+1.24256E+1	-6.07950E-1	+1.23412E-2	-8.14360E-2
+1.24387E+1	-5.97930E-1	+2.11913E-2	-8.11992E-2
+1.24518E+1	-5.87816E-1	+1.96654E-2	-8.09591E-2
+1.24649E+1	-5.77610E-1	+1.47063E-2	-8.06985E-2
+1.24781E+1	-5.67233E-1	+2.47008E-2	-8.04278E-2
+1.24912E+1	-5.56845E-1	+2.25646E-2	-8.01656E-2
+1.25043E+1	-5.46369E-1	+1.27226E-2	-7.98553E-2
+1.25174E+1	-5.35807E-1	+3.07280E-2	-7.95246E-2
+1.25305E+1	-5.25161E-1	+3.94255E-2	-7.92299E-2
+1.25436E+1	-5.14432E-1	+1.64610E-2	-7.88971E-2
+1.25567E+1	-5.03621E-1	+1.25700E-2	-7.84976E-2
+1.25698E+1	-4.92731E-1	+5.10222E-2	-7.81164E-2
+1.25829E+1	-4.81764E-1	+4.70549E-2	-7.77623E-2
+1.25960E+1	-4.70720E-1	+1.21886E-2	-7.73402E-2
+1.26091E+1	-4.59602E-1	+1.76054E-2	-7.68584E-2
+1.26222E+1	-4.48412E-1	+4.62920E-2	-7.63999E-2
+1.26353E+1	-4.37151E-1	+4.95726E-2	-7.58994E-2
+1.26484E+1	-4.25821E-1	+4.59105E-2	-7.54023E-2
+1.26616E+1	-4.14336E-1	+5.20140E-2	-7.48392E-2
+1.26747E+1	-4.02873E-1	+3.72893E-2	-7.42550E-2
+1.26878E+1	-3.91347E-1	+4.91911E-2	-7.36178E-2
+1.27009E+1	-3.79759E-1	+4.24010E-2	-7.29701E-2
+1.27140E+1	-3.68110E-1	+5.56761E-2	-7.22896E-2
+1.27271E+1	-3.56404E-1	+6.46025E-2	-7.15471E-2
+1.27402E+1	-3.44641E-1	+6.36107E-2	-7.07734E-2
+1.27533E+1	-3.32825E-1	+7.63518E-2	-6.99640E-2
+1.27664E+1	-3.20955E-1	+8.10820E-2	-6.90692E-2
+1.27795E+1	-3.09035E-1	+7.30711E-2	-6.81402E-2
+1.27926E+1	-2.97066E-1	+8.16924E-2	-6.71531E-2
+1.28057E+1	-2.85051E-1	+8.55071E-2	-6.61096E-2
+1.28188E+1	-2.72990E-1	+8.87877E-2	-6.49970E-2
+1.28319E+1	-2.60887E-1	+8.61174E-2	-6.38160E-2
+1.28451E+1	-2.48649E-1	+9.72563E-2	-6.25483E-2
+1.28582E+1	-2.36465E-1	+9.16869E-2	-6.12087E-2
+1.28713E+1	-2.24243E-1	+9.81719E-2	-5.98022E-2
+1.28844E+1	-2.11986E-1	+9.75615E-2	-5.82886E-2
+1.28975E+1	-1.99696E-1	+1.05343E-1	-5.66679E-2
+1.29106E+1	-1.87374E-1	+1.00995E-1	-5.49876E-2
+1.29237E+1	-1.75022E-1	+1.10074E-1	-5.31792E-2
+1.29368E+1	-1.62643E-1	+1.15414E-1	-5.12681E-2
+1.29499E+1	-1.50238E-1	+1.36090E-1	-4.92102E-2
+1.29630E+1	-1.37810E-1	+1.42193E-1	-4.70161E-2
+1.29761E+1	-1.25360E-1	+1.76526E-1	-4.47145E-2
+1.29892E+1	-1.12890E-1	+1.91632E-1	-4.22620E-2
+1.30023E+1	-1.00402E-1	+2.14291E-1	-3.96016E-2
+1.30154E+1	-8.78986E-2	+2.11697E-1	-3.68070E-2
+1.30286E+1	-7.52855E-2	+2.34891E-1	-3.36962E-2
+1.30417E+1	-6.27561E-2	+2.54422E-1	-3.03741E-2
+1.30548E+1	-5.02167E-2	+2.84024E-1	-2.67011E-2
+1.30679E+1	-3.76695E-2	+2.85931E-1	-2.28469E-2
+1.30810E+1	-2.51163E-2	+3.14999E-1	-1.86893E-2
+1.30941E+1	-1.25591E-2	+3.17975E-1	-1.44784E-2
