+0.00000E+0	+0.00000E+0	-6.65603E-3	-3.32801E-7
+1.31000E-2	+1.25591E-2	+9.54253E-2	+8.42245E-4
+2.62000E-2	+2.51163E-2	+1.77670E-1	+2.46652E-3
+3.93000E-2	+3.76695E-2	+3.56808E-1	+6.09993E-3
+5.24000E-2	+5.02167E-2	+3.72525E-1	+1.09694E-2
+6.55000E-2	+6.27561E-2	+3.50247E-1	+1.57566E-2
+7.86000E-2	+7.52855E-2	+3.25452E-1	+2.01845E-2
+9.18000E-2	+8.78986E-2	+3.07675E-1	+2.41584E-2
+1.04900E-1	+1.00402E-1	+2.74869E-1	+2.79511E-2
+1.18000E-1	+1.12890E-1	+2.71359E-1	+3.13427E-2
+1.31100E-1	+1.25360E-1	+2.59228E-1	+3.46527E-2
+1.44200E-1	+1.37810E-1	+2.47403E-1	+3.77842E-2
+1.57300E-1	+1.50238E-1	+2.37179E-1	+4.08770E-2
+1.70400E-1	+1.62643E-1	+2.20853E-1	+4.36683E-2
+1.83500E-1	+1.75022E-1	+2.00558E-1	+4.64055E-2
+1.96600E-1	+1.87374E-1	+1.94607E-1	+4.89253E-2
+2.09700E-1	+1.99696E-1	+1.75839E-1	+5.13109E-2
+2.22800E-1	+2.11986E-1	+1.74847E-1	+5.34814E-2
+2.35900E-1	+2.24243E-1	+1.63403E-1	+5.55652E-2
+2.49000E-1	+2.36465E-1	+1.55545E-1	+5.75131E-2
+2.62100E-1	+2.48649E-1	+1.43185E-1	+5.93848E-2
+2.75300E-1	+2.60887E-1	+1.34640E-1	+6.11051E-2
+2.88400E-1	+2.72990E-1	+1.23883E-1	+6.27561E-2
+3.01500E-1	+2.85051E-1	+1.13583E-1	+6.42872E-2
+3.14600E-1	+2.97066E-1	+9.58830E-2	+6.57290E-2
+3.27700E-1	+3.09035E-1	+8.93218E-2	+6.70507E-2
+3.40800E-1	+3.20955E-1	+8.32182E-2	+6.83243E-2
+3.53900E-1	+3.32825E-1	+8.01665E-2	+6.95029E-2
+3.67000E-1	+3.44641E-1	+8.06242E-2	+7.06426E-2
+3.80100E-1	+3.56404E-1	+8.62700E-2	+7.16908E-2
+3.93200E-1	+3.68110E-1	+8.13872E-2	+7.27134E-2
+4.06300E-1	+3.79759E-1	+7.65807E-2	+7.36687E-2
+4.19400E-1	+3.91347E-1	+6.46025E-2	+7.45756E-2
+4.32500E-1	+4.02873E-1	+6.27715E-2	+7.54033E-2
+4.45600E-1	+4.14336E-1	+5.67442E-2	+7.62095E-2
+4.58800E-1	+4.25821E-1	+5.72783E-2	+7.69739E-2
+4.71900E-1	+4.37151E-1	+5.81938E-2	+7.77033E-2
+4.85000E-1	+4.48412E-1	+6.17033E-2	+7.83766E-2
+4.98100E-1	+4.59602E-1	+5.31584E-2	+7.90301E-2
+5.11200E-1	+4.70720E-1	+4.26299E-2	+7.96344E-2
+5.24300E-1	+4.81764E-1	+3.77470E-2	+8.02305E-2
+5.37400E-1	+4.92731E-1	+3.25591E-2	+8.08136E-2
+5.50500E-1	+5.03621E-1	+4.23247E-2	+8.13363E-2
+5.63600E-1	+5.14432E-1	+4.92674E-2	+8.18397E-2
+5.76700E-1	+5.25161E-1	+3.84337E-2	+8.22993E-2
+5.89800E-1	+5.35807E-1	+2.08098E-2	+8.27786E-2
+6.02900E-1	+5.46369E-1	+3.11858E-2	+8.32409E-2
+6.16000E-1	+5.56845E-1	+4.80467E-2	+8.36384E-2
+6.29100E-1	+5.67233E-1	+3.00414E-2	+8.40171E-2
+6.42300E-1	+5.77610E-1	+6.31394E-3	+8.44329E-2
+6.55400E-1	+5.87816E-1	+2.88970E-2	+8.48311E-2
+6.68500E-1	+5.97930E-1	+4.35454E-2	+8.51414E-2
+6.81600E-1	+6.07950E-1	+1.80632E-2	+8.54659E-2
+6.94700E-1	+6.17873E-1	+2.29460E-2	+8.58093E-2
+7.07800E-1	+6.27700E-1	+2.56926E-2	+8.60980E-2
+7.20900E-1	+6.37427E-1	+1.11968E-2	+8.64161E-2
+7.34000E-1	+6.47054E-1	+2.56163E-2	+8.66959E-2
+7.47100E-1	+6.56578E-1	+1.48589E-2	+8.69561E-2
+7.60200E-1	+6.65999E-1	+2.14201E-2	+8.72293E-2
+7.73300E-1	+6.75315E-1	+1.98943E-2	+8.74706E-2
+7.86400E-1	+6.84525E-1	+2.19542E-2	+8.77269E-2
+7.99500E-1	+6.93626E-1	+1.66136E-2	+8.79462E-2
+8.12600E-1	+7.02618E-1	+1.60796E-2	+8.81763E-2
+8.25800E-1	+7.11567E-1	+8.75535E-3	+8.83863E-2
+8.38900E-1	+7.20335E-1	+1.82921E-2	+8.85965E-2
+8.52000E-1	+7.28990E-1	+1.76817E-2	+8.87955E-2
+8.65100E-1	+7.37529E-1	+1.85210E-2	+8.89917E-2
+8.78200E-1	+7.45952E-1	+1.13493E-2	+8.91837E-2
+8.91300E-1	+7.54258E-1	+1.05864E-2	+8.93539E-2
+9.04400E-1	+7.62444E-1	+1.60796E-2	+8.95297E-2
+9.17500E-1	+7.70511E-1	+1.04338E-2	+8.97011E-2
+9.30600E-1	+7.78456E-1	+1.02812E-2	+8.98580E-2
+9.43700E-1	+7.86278E-1	+1.13493E-2	+9.00083E-2
+9.56800E-1	+7.93975E-1	+1.03575E-2	+9.01618E-2
+9.69900E-1	+8.01548E-1	+9.51829E-3	+9.02939E-2
+9.83000E-1	+8.08994E-1	+8.75535E-3	+9.04344E-2
+9.96100E-1	+8.16313E-1	+1.24938E-2	+9.05599E-2
+1.00930E+0	+8.23557E-1	+1.17308E-2	+9.06975E-2
+1.02240E+0	+8.30616E-1	+5.55100E-3	+9.08238E-2
+1.03550E+0	+8.37544E-1	+9.51829E-3	+9.09331E-2
+1.04860E+0	+8.44340E-1	+7.22947E-3	+9.10480E-2
+1.06170E+0	+8.51003E-1	+9.67088E-3	+9.11598E-2
+1.07480E+0	+8.57531E-1	+6.31394E-3	+9.12648E-2
+1.08790E+0	+8.63925E-1	+3.56736E-3	+9.13650E-2
+1.10100E+0	+8.70181E-1	+2.65183E-3	+9.14628E-2
+1.11410E+0	+8.76301E-1	+1.58372E-3	+9.15567E-2
+1.12720E+0	+8.82283E-1	+1.43113E-3	+9.16507E-2
+1.14030E+0	+8.88125E-1	+5.01695E-3	+9.17347E-2
+1.15340E+0	+8.93827E-1	+8.60276E-3	+9.18206E-2
+1.16650E+0	+8.99388E-1	+7.53465E-3	+9.18972E-2
+1.17960E+0	+9.04807E-1	+2.11778E-3	+9.19787E-2
+1.19280E+0	+9.10124E-1	+8.52647E-3	+9.20511E-2
+1.20590E+0	+9.15256E-1	+4.94065E-3	+9.21193E-2
+1.21900E+0	+9.20243E-1	+3.71995E-3	+9.21899E-2
+1.23210E+0	+9.25086E-1	+2.10428E-4	+9.22485E-2
+1.24520E+0	+9.29782E-1	+3.87254E-3	+9.23190E-2
+1.25830E+0	+9.34332E-1	+3.03330E-3	+9.23732E-2
+1.27140E+0	+9.38734E-1	+1.34134E-4	+9.24289E-2
+1.28450E+0	+9.42989E-1	-6.28806E-4	+9.24843E-2
+1.29760E+0	+9.47094E-1	+4.94065E-3	+9.25380E-2
+1.31070E+0	+9.51051E-1	+1.58372E-3	+9.25787E-2
+1.32380E+0	+9.54857E-1	-1.01028E-3	+9.26338E-2
+1.33690E+0	+9.58512E-1	+3.94883E-3	+9.26714E-2
+1.35000E+0	+9.62017E-1	+1.05864E-2	+9.27109E-2
+1.36310E+0	+9.65369E-1	+9.73367E-4	+9.27535E-2
+1.37630E+0	+9.68594E-1	-3.22280E-3	+9.27861E-2
+1.38940E+0	+9.71640E-1	-3.68056E-3	+9.28204E-2
+1.40250E+0	+9.74533E-1	-2.30727E-3	+9.28559E-2
+1.41560E+0	+9.77273E-1	+8.98423E-3	+9.28857E-2
+1.42870E+0	+9.79858E-1	-5.28274E-3	+9.29094E-2
+1.44180E+0	+9.82289E-1	-3.75686E-3	+9.29286E-2
+1.45490E+0	+9.84564E-1	+5.55100E-3	+9.29506E-2
+1.46800E+0	+9.86685E-1	+3.56736E-3	+9.29684E-2
+1.48110E+0	+9.88650E-1	+4.10142E-3	+9.29965E-2
+1.49420E+0	+9.90459E-1	-1.62063E-3	+9.29989E-2
+1.50730E+0	+9.92111E-1	-5.52512E-4	+9.30083E-2
+1.52040E+0	+9.93608E-1	+7.44485E-4	+9.30179E-2
+1.53350E+0	+9.94947E-1	-5.52512E-4	+9.30286E-2
+1.54660E+0	+9.96129E-1	+1.15019E-2	+9.30404E-2
+1.55980E+0	+9.97162E-1	+2.11778E-3	+9.30439E-2
+1.57290E+0	+9.98029E-1	-3.60427E-3	+9.30393E-2
+1.58600E+0	+9.98738E-1	-7.05099E-4	+9.30400E-2
+1.59910E+0	+9.99290E-1	+4.55918E-3	+9.30433E-2
+1.61220E+0	+9.99685E-1	-2.45986E-3	+9.30330E-2
+1.62530E+0	+9.99921E-1	-1.84540E-5	+9.30331E-2
+1.63840E+0	+1.00000E+0	-2.53615E-3	+9.30212E-2
+1.65150E+0	+9.99921E-1	-1.01028E-3	+9.30112E-2
+1.66460E+0	+9.99685E-1	+3.41477E-3	+9.29967E-2
+1.67770E+0	+9.99290E-1	-2.30727E-3	+9.29866E-2
+1.69080E+0	+9.98738E-1	+2.49925E-3	+9.29717E-2
+1.70390E+0	+9.98029E-1	-7.19008E-3	+9.29585E-2
+1.71700E+0	+9.97162E-1	-6.27456E-3	+9.29388E-2
+1.73020E+0	+9.96129E-1	+2.34666E-3	+9.29296E-2
+1.74330E+0	+9.94947E-1	+4.40659E-3	+9.29129E-2
+1.75640E+0	+9.93608E-1	-1.36751E-2	+9.28929E-2
+1.76950E+0	+9.92111E-1	-5.28274E-3	+9.28689E-2
+1.78260E+0	+9.90459E-1	+3.63016E-4	+9.28492E-2
+1.79570E+0	+9.88650E-1	+3.10960E-3	+9.28373E-2
+1.80880E+0	+9.86685E-1	-5.96938E-3	+9.28076E-2
+1.82190E+0	+9.84564E-1	-4.90127E-3	+9.27897E-2
+1.83500E+0	+9.82289E-1	-7.80044E-3	+9.27695E-2
+1.84810E+0	+9.79858E-1	-1.84816E-2	+9.27403E-2
+1.86120E+0	+9.77273E-1	-4.51980E-3	+9.26994E-2
+1.87430E+0	+9.74533E-1	+1.25700E-2	+9.26928E-2
+1.88740E+0	+9.71640E-1	+4.39310E-4	+9.26615E-2
+1.90050E+0	+9.68594E-1	-1.92580E-3	+9.26264E-2
+1.91370E+0	+9.65369E-1	-1.16286E-3	+9.25983E-2
+1.92680E+0	+9.62017E-1	-2.84133E-3	+9.25633E-2
+1.93990E+0	+9.58512E-1	-2.38357E-3	+9.25301E-2
+1.95300E+0	+9.54857E-1	+5.78400E-5	+9.24939E-2
+1.96610E+0	+9.51051E-1	+2.10428E-4	+9.24556E-2
+1.97920E+0	+9.47094E-1	-2.47336E-4	+9.24186E-2
+1.99230E+0	+9.42989E-1	-4.21462E-3	+9.23768E-2
+2.00540E+0	+9.38734E-1	-2.84133E-3	+9.23383E-2
+2.01850E+0	+9.34332E-1	-1.92580E-3	+9.22973E-2
+2.03160E+0	+9.29782E-1	-3.07021E-3	+9.22556E-2
+2.04470E+0	+9.25086E-1	-3.45168E-3	+9.22064E-2
+2.05780E+0	+9.20243E-1	-9.40261E-3	+9.21596E-2
+2.07090E+0	+9.15256E-1	-8.94485E-3	+9.21072E-2
+2.08400E+0	+9.10124E-1	-3.14651E-3	+9.20546E-2
+2.09720E+0	+9.04807E-1	-6.80862E-3	+9.20066E-2
+2.11030E+0	+8.99388E-1	-2.84133E-3	+9.19497E-2
+2.12340E+0	+8.93827E-1	-3.29909E-3	+9.18902E-2
+2.13650E+0	+8.88125E-1	-7.49526E-3	+9.18322E-2
+2.14960E+0	+8.82283E-1	-3.37539E-3	+9.17734E-2
+2.16270E+0	+8.76301E-1	-1.31545E-3	+9.17104E-2
+2.17580E+0	+8.70181E-1	-1.77321E-3	+9.16457E-2
+2.18890E+0	+8.63925E-1	-3.52798E-3	+9.15781E-2
+2.20200E+0	+8.57531E-1	-3.68056E-3	+9.15081E-2
+2.21510E+0	+8.51003E-1	-5.96938E-3	+9.14323E-2
+2.22820E+0	+8.44340E-1	-5.05385E-3	+9.13604E-2
+2.24130E+0	+8.37544E-1	-4.90127E-3	+9.12829E-2
+2.25440E+0	+8.30616E-1	-5.89309E-3	+9.12022E-2
+2.26750E+0	+8.23557E-1	-4.51980E-3	+9.11178E-2
+2.28070E+0	+8.16313E-1	-1.10811E-2	+9.10308E-2
+2.29380E+0	+8.08994E-1	-4.67238E-3	+9.09416E-2
+2.30690E+0	+8.01548E-1	-6.12197E-3	+9.08525E-2
+2.32000E+0	+7.93975E-1	-8.48708E-3	+9.07553E-2
+2.33310E+0	+7.86278E-1	-7.57155E-3	+9.06607E-2
+2.34620E+0	+7.78456E-1	-6.96120E-3	+9.05535E-2
+2.35930E+0	+7.70511E-1	-7.87673E-3	+9.04585E-2
+2.37240E+0	+7.62444E-1	-4.59609E-3	+9.03374E-2
+2.38550E+0	+7.54258E-1	-1.26070E-2	+9.02252E-2
+2.39860E+0	+7.45952E-1	-6.35085E-3	+9.01159E-2
+2.41170E+0	+7.37529E-1	-5.74050E-3	+8.99870E-2
+2.42480E+0	+7.28990E-1	-1.18440E-2	+8.98627E-2
+2.43790E+0	+7.20335E-1	-1.44380E-2	+8.97365E-2
+2.45100E+0	+7.11567E-1	-1.03944E-2	+8.95993E-2
+2.46420E+0	+7.02618E-1	-1.41328E-2	+8.94600E-2
+2.47730E+0	+6.93626E-1	-9.86037E-3	+8.93130E-2
+2.49040E+0	+6.84525E-1	-8.86855E-3	+8.91702E-2
+2.50350E+0	+6.75315E-1	-1.14625E-2	+8.90112E-2
+2.51660E+0	+6.65999E-1	-1.76424E-2	+8.88501E-2
+2.52970E+0	+6.56578E-1	-1.18440E-2	+8.86710E-2
+2.54280E+0	+6.47054E-1	-1.10048E-2	+8.85090E-2
+2.55590E+0	+6.37427E-1	-1.36751E-2	+8.83303E-2
+2.56900E+0	+6.27700E-1	-1.74898E-2	+8.81317E-2
+2.58210E+0	+6.17873E-1	-1.07759E-2	+8.79475E-2
+2.59520E+0	+6.07950E-1	-2.02363E-2	+8.77398E-2
+2.60830E+0	+5.97930E-1	-2.07704E-2	+8.75370E-2
+2.62140E+0	+5.87816E-1	-1.04707E-2	+8.73214E-2
+2.63450E+0	+5.77610E-1	-1.50484E-2	+8.70866E-2
+2.64770E+0	+5.67233E-1	-2.03126E-2	+8.68555E-2
+2.66080E+0	+5.56845E-1	-1.33699E-2	+8.66072E-2
+2.67390E+0	+5.46369E-1	-2.03889E-2	+8.63428E-2
+2.68700E+0	+5.35807E-1	-2.88576E-2	+8.60832E-2
+2.70010E+0	+5.25161E-1	-2.36696E-2	+8.58129E-2
+2.71320E+0	+5.14432E-1	-1.54298E-2	+8.55194E-2
+2.72630E+0	+5.03621E-1	-2.29829E-2	+8.51971E-2
+2.73940E+0	+4.92731E-1	-3.79365E-2	+8.48879E-2
+2.75250E+0	+4.81764E-1	-3.29011E-2	+8.45736E-2
+2.76560E+0	+4.70720E-1	-1.30647E-2	+8.42221E-2
+2.77870E+0	+4.59602E-1	-1.23781E-2	+8.38277E-2
+2.79180E+0	+4.48412E-1	-4.44978E-2	+8.34459E-2
+2.80490E+0	+4.37151E-1	-5.77730E-2	+8.30737E-2
+2.81800E+0	+4.25821E-1	-3.57240E-2	+8.26721E-2
+2.83120E+0	+4.14336E-1	-1.68794E-2	+8.22130E-2
+2.84430E+0	+4.02873E-1	-2.72554E-2	+8.17262E-2
+2.85740E+0	+3.91347E-1	-3.59529E-2	+8.12471E-2
+2.87050E+0	+3.79759E-1	-4.38875E-2	+8.07188E-2
+2.88360E+0	+3.68110E-1	-4.48030E-2	+8.01649E-2
+2.89670E+0	+3.56404E-1	-5.54079E-2	+7.95814E-2
+2.90980E+0	+3.44641E-1	-5.58656E-2	+7.89686E-2
+2.92290E+0	+3.32825E-1	-5.67811E-2	+7.83066E-2
+2.93600E+0	+3.20955E-1	-5.22035E-2	+7.75985E-2
+2.94910E+0	+3.09035E-1	-5.39583E-2	+7.68603E-2
+2.96220E+0	+2.97066E-1	-5.68574E-2	+7.60674E-2
+2.97530E+0	+2.85051E-1	-6.04433E-2	+7.52155E-2
+2.98840E+0	+2.72990E-1	-6.64705E-2	+7.43140E-2
+3.00150E+0	+2.60887E-1	-7.04378E-2	+7.33305E-2
+3.01470E+0	+2.48649E-1	-7.42525E-2	+7.23046E-2
+3.02780E+0	+2.36465E-1	-7.42525E-2	+7.11833E-2
+3.04090E+0	+2.24243E-1	-7.66939E-2	+7.00157E-2
+3.05400E+0	+2.11986E-1	-8.87483E-2	+6.87411E-2
+3.06710E+0	+1.99696E-1	-9.37074E-2	+6.73974E-2
+3.08020E+0	+1.87374E-1	-1.09500E-1	+6.59275E-2
+3.09330E+0	+1.75022E-1	-1.15375E-1	+6.43445E-2
+3.10640E+0	+1.62643E-1	-1.26056E-1	+6.26450E-2
+3.11950E+0	+1.50238E-1	-1.35211E-1	+6.08564E-2
+3.13260E+0	+1.37810E-1	-1.54819E-1	+5.88638E-2
+3.14570E+0	+1.25360E-1	-1.78775E-1	+5.67905E-2
+3.15880E+0	+1.12890E-1	-2.03800E-1	+5.45323E-2
+3.17190E+0	+1.00402E-1	-2.07004E-1	+5.21406E-2
+3.18500E+0	+8.78986E-2	-2.28671E-1	+4.94315E-2
+3.19820E+0	+7.52855E-2	-2.34165E-1	+4.64876E-2
+3.21130E+0	+6.27561E-2	-2.60105E-1	+4.31717E-2
+3.22440E+0	+5.02167E-2	-2.93445E-1	+3.95816E-2
+3.23750E+0	+3.76695E-2	-3.43494E-1	+3.54227E-2
+3.25060E+0	+2.51163E-2	-3.68213E-1	+3.07457E-2
+3.26370E+0	+1.25591E-2	-4.48017E-1	+2.53229E-2
+3.27680E+0	+4.48686E-15	-4.19101E-1	+1.95986E-2
+3.28990E+0	-1.25591E-2	-4.83798E-1	+1.34735E-2
+3.30300E+0	-2.51163E-2	-4.46948E-1	+7.29308E-3
+3.31610E+0	-3.76695E-2	-4.45194E-1	+1.21920E-3
+3.32920E+0	-5.02167E-2	-3.83014E-1	-4.25794E-3
+3.34230E+0	-6.27561E-2	-3.87134E-1	-9.57810E-3
+3.35540E+0	-7.52855E-2	-3.30905E-1	-1.41935E-2
+3.36860E+0	-8.78986E-2	-3.05271E-1	-1.87099E-2
+3.38170E+0	-1.00402E-1	-3.00388E-1	-2.24998E-2
+3.39480E+0	-1.12890E-1	-2.54611E-1	-2.63088E-2
+3.40790E+0	-1.25360E-1	-2.62546E-1	-2.96783E-2
+3.42100E+0	-1.37810E-1	-2.27374E-1	-3.27914E-2
+3.43410E+0	-1.50238E-1	-2.25009E-1	-3.56745E-2
+3.44720E+0	-1.62643E-1	-1.91287E-1	-3.83953E-2
+3.46030E+0	-1.75022E-1	-1.83734E-1	-4.09354E-2
+3.47340E+0	-1.87374E-1	-1.68552E-1	-4.33210E-2
+3.48650E+0	-1.99696E-1	-1.72519E-1	-4.55084E-2
+3.49960E+0	-2.11986E-1	-1.58100E-1	-4.76511E-2
+3.51270E+0	-2.24243E-1	-1.59473E-1	-4.96431E-2
+3.52580E+0	-2.36465E-1	-1.45511E-1	-5.15048E-2
+3.53890E+0	-2.48649E-1	-1.55582E-1	-5.32579E-2
+3.55210E+0	-2.60887E-1	-1.43909E-1	-5.49284E-2
+3.56520E+0	-2.72990E-1	-1.44443E-1	-5.64820E-2
+3.57830E+0	-2.85051E-1	-1.34220E-1	-5.79458E-2
+3.59140E+0	-2.97066E-1	-1.35898E-1	-5.93090E-2
+3.60450E+0	-3.09035E-1	-1.23691E-1	-6.06394E-2
+3.61760E+0	-3.20955E-1	-1.13315E-1	-6.18702E-2
+3.63070E+0	-3.32825E-1	-9.86665E-2	-6.30247E-2
+3.64380E+0	-3.44641E-1	-9.01216E-2	-6.40866E-2
+3.65690E+0	-3.56404E-1	-8.31789E-2	-6.51222E-2
+3.67000E+0	-3.68110E-1	-7.71516E-2	-6.60867E-2
+3.68310E+0	-3.79759E-1	-7.01326E-2	-6.70121E-2
+3.69620E+0	-3.91347E-1	-6.09010E-2	-6.78679E-2
+3.70930E+0	-4.02873E-1	-6.07484E-2	-6.87200E-2
+3.72240E+0	-4.14336E-1	-5.74678E-2	-6.95060E-2
+3.73560E+0	-4.25821E-1	-5.76204E-2	-7.02613E-2
+3.74870E+0	-4.37151E-1	-6.03670E-2	-7.09619E-2
+3.76180E+0	-4.48412E-1	-5.36531E-2	-7.16373E-2
+3.77490E+0	-4.59602E-1	-4.40401E-2	-7.22895E-2
+3.78800E+0	-4.70720E-1	-3.32063E-2	-7.28971E-2
+3.80110E+0	-4.81764E-1	-3.70210E-2	-7.34853E-2
+3.81420E+0	-4.92731E-1	-4.95332E-2	-7.40447E-2
+3.82730E+0	-5.03621E-1	-5.27376E-2	-7.45503E-2
+3.84040E+0	-5.14432E-1	-4.12935E-2	-7.50472E-2
+3.85350E+0	-5.25161E-1	-2.32118E-2	-7.55386E-2
+3.86660E+0	-5.35807E-1	-2.83998E-2	-7.60096E-2
+3.87970E+0	-5.46369E-1	-5.13643E-2	-7.64535E-2
+3.89280E+0	-5.56845E-1	-3.71736E-2	-7.68424E-2
+3.90590E+0	-5.67233E-1	-9.40261E-3	-7.72637E-2
+3.91910E+0	-5.77610E-1	-2.26778E-2	-7.76819E-2
+3.93220E+0	-5.87816E-1	-5.01436E-2	-7.80208E-2
+3.94530E+0	-5.97930E-1	-2.80946E-2	-7.83604E-2
+3.95840E+0	-6.07950E-1	-1.51247E-2	-7.87271E-2
+3.97150E+0	-6.17873E-1	-3.60292E-2	-7.90595E-2
+3.98460E+0	-6.27700E-1	-1.79475E-2	-7.93599E-2
+3.99770E+0	-6.37427E-1	-2.31355E-2	-7.96815E-2
+4.01080E+0	-6.47054E-1	-2.83235E-2	-7.99625E-2
+4.02390E+0	-6.56578E-1	-1.94734E-2	-8.02530E-2
+4.03700E+0	-6.65999E-1	-2.87050E-2	-8.05224E-2
+4.05010E+0	-6.75315E-1	-1.62691E-2	-8.07827E-2
+4.06320E+0	-6.84525E-1	-2.32118E-2	-8.10238E-2
+4.07630E+0	-6.93626E-1	-1.48958E-2	-8.12763E-2
+4.08940E+0	-7.02618E-1	-1.97786E-2	-8.15138E-2
+4.10260E+0	-7.11567E-1	-1.21492E-2	-8.17480E-2
+4.11570E+0	-7.20335E-1	-1.91682E-2	-8.19602E-2
+4.12880E+0	-7.28990E-1	-1.35225E-2	-8.21731E-2
+4.14190E+0	-7.37529E-1	-1.68794E-2	-8.23745E-2
+4.15500E+0	-7.45952E-1	-1.99312E-2	-8.25806E-2
+4.16810E+0	-7.54258E-1	-1.53535E-2	-8.27719E-2
+4.18120E+0	-7.62444E-1	-1.59639E-2	-8.29544E-2
+4.19430E+0	-7.70511E-1	-1.50484E-2	-8.31390E-2
+4.20740E+0	-7.78456E-1	-1.59639E-2	-8.33090E-2
+4.22050E+0	-7.86278E-1	-1.32173E-2	-8.34749E-2
+4.23360E+0	-7.93975E-1	-1.35225E-2	-8.36434E-2
+4.24670E+0	-8.01548E-1	-1.19966E-2	-8.37994E-2
+4.25980E+0	-8.08994E-1	-1.19966E-2	-8.39600E-2
+4.27290E+0	-8.16313E-1	-7.34267E-3	-8.41015E-2
+4.28610E+0	-8.23557E-1	-1.32173E-2	-8.42517E-2
+4.29920E+0	-8.30616E-1	-7.11379E-3	-8.43888E-2
+4.31230E+0	-8.37544E-1	-1.07759E-2	-8.45241E-2
+4.32540E+0	-8.44340E-1	-1.28358E-2	-8.46618E-2
+4.33850E+0	-8.51003E-1	-7.34267E-3	-8.47907E-2
+4.35160E+0	-8.57531E-1	-7.72414E-3	-8.49101E-2
+4.36470E+0	-8.63925E-1	-9.55520E-3	-8.50316E-2
+4.37780E+0	-8.70181E-1	-6.27456E-3	-8.51453E-2
+4.39090E+0	-8.76301E-1	-7.03750E-3	-8.52552E-2
+4.40400E+0	-8.82283E-1	-7.95302E-3	-8.53629E-2
+4.41710E+0	-8.88125E-1	-9.40261E-3	-8.54706E-2
+4.43020E+0	-8.93827E-1	-4.97756E-3	-8.55724E-2
+4.44330E+0	-8.99388E-1	-7.49526E-3	-8.56743E-2
+4.45640E+0	-9.04807E-1	-1.19203E-2	-8.57701E-2
+4.46960E+0	-9.10124E-1	-7.87673E-3	-8.58593E-2
+4.48270E+0	-9.15256E-1	-2.07839E-3	-8.59479E-2
+4.49580E+0	-9.20243E-1	-1.32173E-2	-8.60328E-2
+4.50890E+0	-9.25086E-1	-4.06203E-3	-8.61180E-2
+4.52200E+0	-9.29782E-1	-2.99392E-3	-8.61987E-2
+4.53510E+0	-9.34332E-1	-6.19826E-3	-8.62777E-2
+4.54820E+0	-9.38734E-1	-7.57155E-3	-8.63531E-2
+4.56130E+0	-9.42989E-1	-9.40261E-3	-8.64261E-2
+4.57440E+0	-9.47094E-1	-1.77321E-3	-8.64907E-2
+4.58750E+0	-9.51051E-1	-3.99924E-4	-8.65629E-2
+4.60060E+0	-9.54857E-1	-4.21462E-3	-8.66241E-2
+4.61370E+0	-9.58512E-1	-3.37539E-3	-8.66891E-2
+4.62680E+0	-9.62017E-1	-3.22280E-3	-8.67449E-2
+4.63990E+0	-9.65369E-1	-4.06203E-3	-8.68061E-2
+4.65310E+0	-9.68594E-1	-3.99924E-4	-8.68554E-2
+4.66620E+0	-9.71640E-1	-9.47479E-5	-8.69081E-2
+4.67930E+0	-9.74533E-1	-1.92580E-3	-8.69590E-2
+4.69240E+0	-9.77273E-1	-1.32173E-2	-8.70066E-2
+4.70550E+0	-9.79858E-1	+3.56736E-3	-8.70615E-2
+4.71860E+0	-9.82289E-1	+2.19407E-3	-8.70951E-2
+4.73170E+0	-9.84564E-1	-7.19008E-3	-8.71411E-2
+4.74480E+0	-9.86685E-1	-7.87673E-3	-8.71794E-2
+4.75790E+0	-9.88650E-1	-7.41897E-3	-8.72227E-2
+4.77100E+0	-9.90459E-1	-1.01028E-3	-8.72508E-2
+4.78410E+0	-9.92111E-1	-4.29091E-3	-8.72857E-2
+4.79720E+0	-9.93608E-1	-6.27456E-3	-8.73160E-2
+4.81030E+0	-9.94947E-1	-1.77321E-3	-8.73420E-2
+4.82340E+0	-9.96129E-1	-1.59639E-2	-8.73754E-2
+4.83660E+0	-9.97162E-1	-3.68056E-3	-8.73984E-2
+4.84970E+0	-9.98029E-1	+2.34666E-3	-8.74173E-2
+4.86280E+0	-9.98738E-1	-1.31545E-3	-8.74328E-2
+4.87590E+0	-9.99290E-1	-4.67238E-3	-8.74587E-2
+4.88900E+0	-9.99685E-1	+9.73367E-4	-8.74696E-2
+4.90210E+0	-9.99921E-1	-6.28806E-4	-8.74869E-2
+4.91520E+0	-1.00000E+0	+1.34134E-4	-8.74955E-2
+4.92830E+0	-9.99921E-1	-1.31545E-3	-8.75067E-2
+4.94140E+0	-9.99685E-1	-3.60427E-3	-8.75125E-2
+4.95450E+0	-9.99290E-1	+2.86722E-4	-8.75251E-2
+4.96760E+0	-9.98738E-1	-3.60427E-3	-8.75314E-2
+4.98070E+0	-9.98029E-1	+4.63548E-3	-8.75395E-2
+4.99380E+0	-9.97162E-1	+4.48289E-3	-8.75387E-2
+5.00700E+0	-9.96129E-1	-5.74050E-3	-8.75518E-2
+5.02010E+0	-9.94947E-1	-5.20644E-3	-8.75572E-2
+5.03320E+0	-9.93608E-1	+1.22649E-2	-8.75576E-2
+5.04630E+0	-9.92111E-1	-8.57687E-4	-8.75557E-2
+5.05940E+0	-9.90459E-1	-1.23916E-3	-8.75584E-2
+5.07250E+0	-9.88650E-1	-2.61245E-3	-8.75617E-2
+5.08560E+0	-9.86685E-1	+4.33030E-3	-8.75536E-2
+5.09870E+0	-9.84564E-1	+3.10960E-3	-8.75593E-2
+5.11180E+0	-9.82289E-1	+7.53465E-3	-8.75587E-2
+5.12490E+0	-9.79858E-1	+1.85973E-2	-8.75493E-2
+5.13800E+0	-9.77273E-1	+4.94065E-3	-8.75237E-2
+5.15110E+0	-9.74533E-1	-1.44380E-2	-8.75396E-2
+5.16420E+0	-9.71640E-1	-3.68056E-3	-8.75333E-2
+5.17730E+0	-9.68594E-1	+8.20779E-4	-8.75206E-2
+5.19050E+0	-9.65369E-1	+5.15604E-4	-8.75124E-2
+5.20360E+0	-9.62017E-1	+1.88889E-3	-8.74980E-2
+5.21670E+0	-9.58512E-1	-6.28806E-4	-8.74891E-2
+5.22980E+0	-9.54857E-1	+1.35484E-3	-8.74752E-2
+5.24290E+0	-9.51051E-1	-2.47336E-4	-8.74572E-2
+5.25600E+0	-9.47094E-1	+4.17771E-3	-8.74404E-2
+5.26910E+0	-9.42989E-1	+3.26219E-3	-8.74238E-2
+5.28220E+0	-9.38734E-1	-3.52798E-3	-8.74023E-2
+5.29530E+0	-9.34332E-1	-3.23630E-4	-8.73777E-2
+5.30840E+0	-9.29782E-1	+1.81260E-3	-8.73546E-2
+5.32150E+0	-9.25086E-1	+8.20779E-4	-8.73282E-2
+5.33460E+0	-9.20243E-1	+3.63016E-4	-8.73036E-2
+5.34770E+0	-9.15256E-1	-1.92580E-3	-8.72763E-2
+5.36080E+0	-9.10124E-1	+4.71177E-3	-8.72496E-2
+5.37400E+0	-9.04807E-1	+1.88889E-3	-8.72144E-2
+5.38710E+0	-8.99388E-1	+8.14500E-3	-8.71834E-2
+5.40020E+0	-8.93827E-1	-9.47479E-5	-8.71482E-2
+5.41330E+0	-8.88125E-1	-1.46804E-3	-8.71068E-2
+5.42640E+0	-8.82283E-1	+3.63016E-4	-8.70634E-2
+5.43950E+0	-8.76301E-1	+4.33030E-3	-8.70192E-2
+5.45260E+0	-8.70181E-1	+6.00877E-3	-8.69797E-2
+5.46570E+0	-8.63925E-1	+3.33848E-3	-8.69336E-2
+5.47880E+0	-8.57531E-1	+1.73631E-3	-8.68868E-2
+5.49190E+0	-8.51003E-1	-2.07839E-3	-8.68338E-2
+5.50500E+0	-8.44340E-1	+5.39842E-3	-8.67832E-2
+5.51810E+0	-8.37544E-1	+6.00877E-3	-8.67244E-2
+5.53120E+0	-8.30616E-1	+5.09324E-3	-8.66630E-2
+5.54430E+0	-8.23557E-1	+7.44485E-4	-8.66039E-2
+5.55750E+0	-8.16313E-1	+3.64366E-3	-8.65358E-2
+5.57060E+0	-8.08994E-1	+5.01695E-3	-8.64686E-2
+5.58370E+0	-8.01548E-1	+6.61912E-3	-8.64009E-2
+5.59680E+0	-7.93975E-1	+7.83982E-3	-8.63225E-2
+5.60990E+0	-7.86278E-1	+7.07688E-3	-8.62466E-2
+5.62300E+0	-7.78456E-1	+6.08506E-3	-8.61622E-2
+5.63610E+0	-7.70511E-1	+1.03575E-2	-8.60865E-2
+5.64920E+0	-7.62444E-1	+4.48289E-3	-8.59945E-2
+5.66230E+0	-7.54258E-1	+1.34856E-2	-8.59037E-2
+5.67540E+0	-7.45952E-1	+6.00877E-3	-8.58129E-2
+5.68850E+0	-7.37529E-1	+6.54283E-3	-8.57072E-2
+5.70160E+0	-7.28990E-1	+8.60276E-3	-8.56058E-2
+5.71470E+0	-7.20335E-1	+1.10442E-2	-8.54935E-2
+5.72780E+0	-7.11567E-1	+1.11968E-2	-8.53858E-2
+5.74100E+0	-7.02618E-1	+1.27226E-2	-8.52646E-2
+5.75410E+0	-6.93626E-1	+6.00877E-3	-8.51429E-2
+5.76720E+0	-6.84525E-1	+1.42485E-2	-8.50130E-2
+5.78030E+0	-6.75315E-1	+9.21311E-3	-8.48814E-2
+5.79340E+0	-6.65999E-1	+1.48589E-2	-8.47417E-2
+5.80650E+0	-6.56578E-1	+6.31394E-3	-8.45928E-2
+5.81960E+0	-6.47054E-1	+1.69951E-2	-8.44448E-2
+5.83270E+0	-6.37427E-1	+1.27226E-2	-8.42843E-2
+5.84580E+0	-6.27700E-1	+7.91612E-3	-8.41136E-2
+5.85890E+0	-6.17873E-1	+1.70714E-2	-8.39547E-2
+5.87200E+0	-6.07950E-1	+1.30278E-2	-8.37607E-2
+5.88510E+0	-5.97930E-1	+1.57744E-2	-8.35729E-2
+5.89820E+0	-5.87816E-1	+1.45537E-2	-8.33794E-2
+5.91130E+0	-5.77610E-1	+1.15019E-2	-8.31770E-2
+5.92450E+0	-5.67233E-1	+1.96654E-2	-8.29575E-2
+5.93760E+0	-5.56845E-1	+2.05046E-2	-8.27461E-2
+5.95070E+0	-5.46369E-1	+1.43248E-2	-8.25069E-2
+5.96380E+0	-5.35807E-1	+2.20305E-2	-8.22468E-2
+5.97690E+0	-5.25161E-1	+2.81340E-2	-8.20050E-2
+5.99000E+0	-5.14432E-1	+2.27934E-2	-8.17458E-2
+6.00310E+0	-5.03621E-1	+1.25700E-2	-8.14561E-2
+6.01620E+0	-4.92731E-1	+2.25646E-2	-8.11420E-2
+6.02930E+0	-4.81764E-1	+3.88915E-2	-8.08435E-2
+6.04240E+0	-4.70720E-1	+3.33983E-2	-8.05474E-2
+6.05550E+0	-4.59602E-1	+5.93247E-3	-8.01969E-2
+6.06860E+0	-4.48412E-1	+1.34093E-2	-7.98099E-2
+6.08170E+0	-4.37151E-1	+3.97307E-2	-7.94089E-2
+6.09480E+0	-4.25821E-1	+5.63628E-2	-7.90495E-2
+6.10800E+0	-4.14336E-1	+4.01885E-2	-7.86428E-2
+6.12110E+0	-4.02873E-1	+2.34038E-2	-7.81844E-2
+6.13420E+0	-3.91347E-1	+3.22539E-2	-7.76934E-2
+6.14730E+0	-3.79759E-1	+3.08806E-2	-7.72030E-2
+6.16040E+0	-3.68110E-1	+4.11040E-2	-7.66791E-2
+6.17350E+0	-3.56404E-1	+4.62157E-2	-7.61206E-2
+6.18660E+0	-3.44641E-1	+5.39214E-2	-7.55314E-2
+6.19970E+0	-3.32825E-1	+5.91094E-2	-7.49031E-2
+6.21280E+0	-3.20955E-1	+5.77361E-2	-7.42371E-2
+6.22590E+0	-3.09035E-1	+6.49840E-2	-7.35261E-2
+6.23900E+0	-2.97066E-1	+6.99431E-2	-7.27427E-2
+6.25210E+0	-2.85051E-1	+6.10167E-2	-7.19377E-2
+6.26520E+0	-2.72990E-1	+7.46733E-2	-7.10737E-2
+6.27830E+0	-2.60887E-1	+7.24608E-2	-7.01365E-2
+6.29150E+0	-2.48649E-1	+8.45152E-2	-6.91287E-2
+6.30460E+0	-2.36465E-1	+8.20738E-2	-6.80394E-2
+6.31770E+0	-2.24243E-1	+9.03136E-2	-6.68904E-2
+6.33080E+0	-2.11986E-1	+9.08476E-2	-6.56549E-2
+6.34390E+0	-1.99696E-1	+1.01605E-1	-6.43128E-2
+6.35700E+0	-1.87374E-1	+1.01452E-1	-6.29028E-2
+6.37010E+0	-1.75022E-1	+1.05878E-1	-6.13699E-2
+6.38320E+0	-1.62643E-1	+1.07709E-1	-5.97279E-2
+6.39630E+0	-1.50238E-1	+1.15033E-1	-5.79401E-2
+6.40940E+0	-1.37810E-1	+1.11142E-1	-5.59839E-2
+6.42250E+0	-1.25360E-1	+1.37997E-1	-5.38780E-2
+6.43560E+0	-1.12890E-1	+1.60657E-1	-5.16035E-2
+6.44870E+0	-1.00402E-1	+1.97201E-1	-4.91425E-2
+6.46180E+0	-8.78986E-2	+2.06357E-1	-4.65667E-2
+6.47500E+0	-7.52855E-2	+2.24209E-1	-4.36366E-2
+6.48810E+0	-6.27561E-2	+2.43588E-1	-4.03967E-2
+6.50120E+0	-5.02167E-2	+2.89899E-1	-3.67637E-2
+6.51430E+0	-3.76695E-2	+3.03403E-1	-3.27456E-2
+6.52740E+0	-2.51163E-2	+3.80765E-1	-2.80498E-2
+6.54050E+0	-1.25591E-2	+4.22574E-1	-2.27348E-2
+6.55360E+0	-7.75427E-15	+4.89483E-1	-1.66765E-2
+6.56670E+0	+1.25591E-2	+4.31729E-1	-1.06544E-2
+6.57980E+0	+2.51163E-2	+5.25265E-1	-4.29383E-3
+6.59290E+0	+3.76695E-2	+4.32950E-1	+1.92672E-3
+6.60600E+0	+5.02167E-2	+4.73614E-1	+8.03647E-3
+6.61910E+0	+6.27561E-2	+3.78171E-1	+1.33361E-2
+6.63220E+0	+7.52855E-2	+3.86487E-1	+1.86540E-2
+6.64540E+0	+8.78986E-2	+3.61004E-1	+2.31545E-2
+6.65850E+0	+1.00402E-1	+3.07217E-1	+2.76012E-2
+6.67160E+0	+1.12890E-1	+3.07217E-1	+3.13976E-2
+6.68470E+0	+1.25360E-1	+2.67468E-1	+3.50264E-2
+6.69780E+0	+1.37810E-1	+2.47861E-1	+3.83677E-2
+6.71090E+0	+1.50238E-1	+2.44656E-1	+4.15002E-2
+6.72400E+0	+1.62643E-1	+2.22531E-1	+4.42789E-2
+6.73710E+0	+1.75022E-1	+1.96133E-1	+4.70138E-2
+6.75020E+0	+1.87374E-1	+1.90564E-1	+4.95484E-2
+6.76330E+0	+1.99696E-1	+1.77289E-1	+5.19159E-2
+6.77640E+0	+2.11986E-1	+1.76373E-1	+5.40704E-2
+6.78950E+0	+2.24243E-1	+1.63556E-1	+5.61494E-2
+6.80260E+0	+2.36465E-1	+1.57452E-1	+5.80781E-2
+6.81570E+0	+2.48649E-1	+1.45856E-1	+5.99323E-2
+6.82890E+0	+2.60887E-1	+1.34793E-1	+6.16320E-2
+6.84200E+0	+2.72990E-1	+1.20755E-1	+6.32623E-2
+6.85510E+0	+2.85051E-1	+1.11905E-1	+6.47712E-2
+6.86820E+0	+2.97066E-1	+9.31365E-2	+6.61904E-2
+6.88130E+0	+3.09035E-1	+8.80248E-2	+6.74927E-2
+6.89440E+0	+3.20955E-1	+8.22264E-2	+6.87468E-2
+6.90750E+0	+3.32825E-1	+8.19975E-2	+6.99140E-2
+6.92060E+0	+3.44641E-1	+8.55834E-2	+7.10422E-2
+6.93370E+0	+3.56404E-1	+8.18449E-2	+7.20793E-2
+6.94680E+0	+3.68110E-1	+7.77251E-2	+7.30752E-2
+6.95990E+0	+3.79759E-1	+7.22319E-2	+7.40103E-2
+6.97300E+0	+3.91347E-1	+7.06297E-2	+7.49012E-2
+6.98610E+0	+4.02873E-1	+5.72020E-2	+7.57235E-2
+6.99920E+0	+4.14336E-1	+5.49895E-2	+7.65048E-2
+7.01240E+0	+4.25821E-1	+5.77361E-2	+7.72619E-2
+7.02550E+0	+4.37151E-1	+5.63628E-2	+7.79674E-2
+7.03860E+0	+4.48412E-1	+6.15508E-2	+7.86325E-2
+7.05170E+0	+4.59602E-1	+5.10985E-2	+7.92714E-2
+7.06480E+0	+4.70720E-1	+4.79704E-2	+7.98608E-2
+7.07790E+0	+4.81764E-1	+3.50005E-2	+8.04471E-2
+7.09100E+0	+4.92731E-1	+3.22539E-2	+8.10167E-2
+7.10410E+0	+5.03621E-1	+4.30113E-2	+8.15297E-2
+7.11720E+0	+5.14432E-1	+4.96489E-2	+8.20151E-2
+7.13030E+0	+5.25161E-1	+3.46953E-2	+8.24706E-2
+7.14340E+0	+5.35807E-1	+1.99706E-2	+8.29417E-2
+7.15650E+0	+5.46369E-1	+3.17961E-2	+8.33894E-2
+7.16960E+0	+5.56845E-1	+4.72075E-2	+8.37835E-2
+7.18270E+0	+5.67233E-1	+3.40849E-2	+8.41517E-2
+7.19590E+0	+5.77610E-1	+7.45835E-3	+8.45530E-2
+7.20900E+0	+5.87816E-1	+2.49297E-2	+8.49462E-2
+7.22210E+0	+5.97930E-1	+4.25536E-2	+8.52551E-2
+7.23520E+0	+6.07950E-1	+1.85210E-2	+8.55677E-2
+7.24830E+0	+6.17873E-1	+1.93602E-2	+8.59029E-2
+7.26140E+0	+6.27700E-1	+2.53874E-2	+8.61879E-2
+7.27450E+0	+6.37427E-1	+1.46300E-2	+8.64993E-2
+7.28760E+0	+6.47054E-1	+2.65318E-2	+8.67693E-2
+7.30070E+0	+6.56578E-1	+1.53166E-2	+8.70261E-2
+7.31380E+0	+6.65999E-1	+1.89787E-2	+8.72937E-2
+7.32690E+0	+6.75315E-1	+1.76817E-2	+8.75298E-2
+7.34000E+0	+6.84525E-1	+2.23357E-2	+8.77820E-2
+7.35310E+0	+6.93626E-1	+1.85973E-2	+8.79943E-2
+7.36620E+0	+7.02618E-1	+1.80632E-2	+8.82203E-2
+7.37940E+0	+7.11567E-1	+9.82346E-3	+8.84266E-2
+7.39250E+0	+7.20335E-1	+2.15727E-2	+8.86336E-2
+7.40560E+0	+7.28990E-1	+1.41722E-2	+8.88296E-2
+7.41870E+0	+7.37529E-1	+1.80632E-2	+8.90200E-2
+7.43180E+0	+7.45952E-1	+1.02049E-2	+8.92069E-2
+7.44490E+0	+7.54258E-1	+9.28941E-3	+8.93748E-2
+7.45800E+0	+7.62444E-1	+1.57744E-2	+8.95443E-2
+7.47110E+0	+7.70511E-1	+9.82346E-3	+8.97107E-2
+7.48420E+0	+7.78456E-1	+8.98423E-3	+8.98665E-2
+7.49730E+0	+7.86278E-1	+1.03575E-2	+9.00136E-2
+7.51040E+0	+7.93975E-1	+1.05864E-2	+9.01609E-2
+7.52350E+0	+8.01548E-1	+1.08153E-2	+9.02894E-2
+7.53660E+0	+8.08994E-1	+9.67088E-3	+9.04292E-2
+7.54970E+0	+8.16313E-1	+1.21123E-2	+9.05541E-2
+7.56290E+0	+8.23557E-1	+1.18071E-2	+9.06860E-2
+7.57600E+0	+8.30616E-1	+6.77171E-3	+9.08096E-2
+7.58910E+0	+8.37544E-1	+1.10442E-2	+9.09161E-2
+7.60220E+0	+8.44340E-1	+9.51829E-3	+9.10295E-2
+7.61530E+0	+8.51003E-1	+7.45835E-3	+9.11408E-2
+7.62840E+0	+8.57531E-1	+6.31394E-3	+9.12407E-2
+7.64150E+0	+8.63925E-1	+3.03330E-3	+9.13390E-2
+7.65460E+0	+8.70181E-1	+3.49107E-3	+9.14358E-2
+7.66770E+0	+8.76301E-1	+1.20225E-3	+9.15269E-2
+7.68080E+0	+8.82283E-1	+3.56736E-3	+9.16166E-2
+7.69390E+0	+8.88125E-1	+3.79624E-3	+9.17036E-2
+7.70700E+0	+8.93827E-1	+7.76353E-3	+9.17861E-2
+7.72010E+0	+8.99388E-1	+6.00877E-3	+9.18611E-2
+7.73320E+0	+9.04807E-1	+3.56736E-3	+9.19416E-2
+7.74640E+0	+9.10124E-1	+9.36570E-3	+9.20104E-2
+7.75950E+0	+9.15256E-1	+3.79624E-3	+9.20768E-2
+7.77260E+0	+9.20243E-1	+2.57554E-3	+9.21481E-2
+7.78570E+0	+9.25086E-1	+1.50742E-3	+9.22034E-2
+7.79880E+0	+9.29782E-1	+3.71995E-3	+9.22731E-2
+7.81190E+0	+9.34332E-1	+2.80442E-3	+9.23251E-2
+7.82500E+0	+9.38734E-1	-7.81393E-4	+9.23790E-2
+7.83810E+0	+9.42989E-1	-1.16286E-3	+9.24342E-2
+7.85120E+0	+9.47094E-1	+5.55100E-3	+9.24881E-2
+7.86430E+0	+9.51051E-1	+1.43113E-3	+9.25261E-2
+7.87740E+0	+9.54857E-1	-2.91762E-3	+9.25798E-2
+7.89050E+0	+9.58512E-1	+2.72813E-3	+9.26170E-2
+7.90360E+0	+9.62017E-1	+8.14500E-3	+9.26562E-2
+7.91670E+0	+9.65369E-1	+2.19407E-3	+9.26978E-2
+7.92990E+0	+9.68594E-1	-2.23098E-3	+9.27288E-2
+7.94300E+0	+9.71640E-1	-3.07021E-3	+9.27630E-2
+7.95610E+0	+9.74533E-1	-1.31545E-3	+9.27963E-2
+7.96920E+0	+9.77273E-1	+8.83164E-3	+9.28258E-2
+7.98230E+0	+9.79858E-1	-5.81679E-3	+9.28501E-2
+7.99540E+0	+9.82289E-1	-4.06203E-3	+9.28682E-2
+8.00850E+0	+9.84564E-1	+6.39024E-3	+9.28899E-2
+8.02160E+0	+9.86685E-1	+3.03330E-3	+9.29070E-2
+8.03470E+0	+9.88650E-1	+3.26219E-3	+9.29326E-2
+8.04780E+0	+9.90459E-1	-7.05099E-4	+9.29372E-2
+8.06090E+0	+9.92111E-1	-6.28806E-4	+9.29464E-2
+8.07400E+0	+9.93608E-1	+9.73367E-4	+9.29554E-2
+8.08710E+0	+9.94947E-1	-1.62063E-3	+9.29651E-2
+8.10020E+0	+9.96129E-1	+1.16545E-2	+9.29777E-2
+8.11340E+0	+9.97162E-1	+2.65183E-3	+9.29821E-2
+8.12650E+0	+9.98029E-1	-3.98574E-3	+9.29764E-2
+8.13960E+0	+9.98738E-1	-7.05099E-4	+9.29760E-2
+8.15270E+0	+9.99290E-1	+4.10142E-3	+9.29795E-2
+8.16580E+0	+9.99685E-1	-3.07021E-3	+9.29690E-2
+8.17890E+0	+9.99921E-1	-6.28806E-4	+9.29691E-2
+8.19200E+0	+1.00000E+0	-1.62063E-3	+9.29562E-2
+8.20510E+0	+9.99921E-1	+3.63016E-4	+9.29455E-2
+8.21820E+0	+9.99685E-1	+5.70359E-3	+9.29312E-2
+8.23130E+0	+9.99290E-1	-1.84951E-3	+9.29219E-2
+8.24440E+0	+9.98738E-1	+2.04148E-3	+9.29074E-2
+8.25750E+0	+9.98029E-1	-6.96120E-3	+9.28942E-2
+8.27060E+0	+9.97162E-1	-5.66421E-3	+9.28745E-2
+8.28380E+0	+9.96129E-1	+3.03330E-3	+9.28661E-2
+8.29690E+0	+9.94947E-1	+4.48289E-3	+9.28497E-2
+8.31000E+0	+9.93608E-1	-1.42854E-2	+9.28291E-2
+8.32310E+0	+9.92111E-1	-4.06203E-3	+9.28042E-2
+8.33620E+0	+9.90459E-1	+2.10428E-4	+9.27857E-2
+8.34930E+0	+9.88650E-1	+1.73631E-3	+9.27735E-2
+8.36240E+0	+9.86685E-1	-4.29091E-3	+9.27435E-2
+8.37550E+0	+9.84564E-1	-5.96938E-3	+9.27259E-2
+8.38860E+0	+9.82289E-1	-8.02932E-3	+9.27048E-2
+8.40170E+0	+9.79858E-1	-2.09230E-2	+9.26753E-2
+8.41480E+0	+9.77273E-1	-4.21462E-3	+9.26347E-2
+8.42790E+0	+9.74533E-1	+1.30278E-2	+9.26283E-2
+8.44100E+0	+9.71640E-1	-3.23630E-4	+9.25982E-2
+8.45410E+0	+9.68594E-1	-1.92580E-3	+9.25620E-2
+8.46730E+0	+9.65369E-1	-7.05099E-4	+9.25342E-2
+8.48040E+0	+9.62017E-1	-4.51980E-3	+9.24990E-2
+8.49350E+0	+9.58512E-1	-1.46804E-3	+9.24667E-2
+8.50660E+0	+9.54857E-1	+1.34134E-4	+9.24298E-2
+8.51970E+0	+9.51051E-1	-5.52512E-4	+9.23914E-2
+8.53280E+0	+9.47094E-1	+2.10428E-4	+9.23551E-2
+8.54590E+0	+9.42989E-1	-3.68056E-3	+9.23135E-2
+8.55900E+0	+9.38734E-1	-3.07021E-3	+9.22743E-2
+8.57210E+0	+9.34332E-1	-2.15468E-3	+9.22346E-2
+8.58520E+0	+9.29782E-1	-3.22280E-3	+9.21914E-2
+8.59830E+0	+9.25086E-1	-3.45168E-3	+9.21431E-2
+8.61140E+0	+9.20243E-1	-8.48708E-3	+9.20960E-2
+8.62450E+0	+9.15256E-1	-7.34267E-3	+9.20441E-2
+8.63760E+0	+9.10124E-1	-2.84133E-3	+9.19912E-2
+8.65080E+0	+9.04807E-1	-6.80862E-3	+9.19416E-2
+8.66390E+0	+8.99388E-1	-7.81393E-4	+9.18857E-2
+8.67700E+0	+8.93827E-1	-3.45168E-3	+9.18272E-2
+8.69010E+0	+8.88125E-1	-6.50344E-3	+9.17684E-2
+8.70320E+0	+8.82283E-1	-4.21462E-3	+9.17094E-2
+8.71630E+0	+8.76301E-1	-3.14651E-3	+9.16467E-2
+8.72940E+0	+8.70181E-1	-1.62063E-3	+9.15810E-2
+8.74250E+0	+8.63925E-1	-2.68874E-3	+9.15134E-2
+8.75560E+0	+8.57531E-1	-5.43532E-3	+9.14440E-2
+8.76870E+0	+8.51003E-1	-5.58791E-3	+9.13682E-2
+8.78180E+0	+8.44340E-1	-4.36721E-3	+9.12963E-2
+8.79490E+0	+8.37544E-1	-5.89309E-3	+9.12179E-2
+8.80800E+0	+8.30616E-1	-7.95302E-3	+9.11367E-2
+8.82110E+0	+8.23557E-1	-5.51162E-3	+9.10543E-2
+8.83430E+0	+8.16313E-1	-1.12337E-2	+9.09675E-2
+8.84740E+0	+8.08994E-1	-4.82497E-3	+9.08778E-2
+8.86050E+0	+8.01548E-1	-5.89309E-3	+9.07899E-2
+8.87360E+0	+7.93975E-1	-9.78408E-3	+9.06923E-2
+8.88670E+0	+7.86278E-1	-7.11379E-3	+9.05976E-2
+8.89980E+0	+7.78456E-1	-7.64785E-3	+9.04918E-2
+8.91290E+0	+7.70511E-1	-9.40261E-3	+9.03938E-2
+8.92600E+0	+7.62444E-1	-5.28274E-3	+9.02746E-2
+8.93910E+0	+7.54258E-1	-1.26070E-2	+9.01629E-2
+8.95220E+0	+7.45952E-1	-5.13015E-3	+9.00525E-2
+8.96530E+0	+7.37529E-1	-5.66421E-3	+8.99243E-2
+8.97840E+0	+7.28990E-1	-1.12337E-2	+8.97989E-2
+8.99150E+0	+7.20335E-1	-1.32173E-2	+8.96733E-2
+9.00460E+0	+7.11567E-1	-1.18440E-2	+8.95354E-2
+9.01780E+0	+7.02618E-1	-1.44380E-2	+8.93957E-2
+9.03090E+0	+6.93626E-1	-8.18191E-3	+8.92493E-2
+9.04400E+0	+6.84525E-1	-1.16914E-2	+8.91090E-2
+9.05710E+0	+6.75315E-1	-1.09285E-2	+8.89457E-2
+9.07020E+0	+6.65999E-1	-1.60402E-2	+8.87893E-2
+9.08330E+0	+6.56578E-1	-1.36751E-2	+8.86095E-2
+9.09640E+0	+6.47054E-1	-1.32173E-2	+8.84455E-2
+9.10950E+0	+6.37427E-1	-1.45906E-2	+8.82665E-2
+9.12260E+0	+6.27700E-1	-1.74135E-2	+8.80703E-2
+9.13570E+0	+6.17873E-1	-1.23018E-2	+8.78831E-2
+9.14880E+0	+6.07950E-1	-2.13045E-2	+8.76771E-2
+9.16190E+0	+5.97930E-1	-2.00838E-2	+8.74725E-2
+9.17500E+0	+5.87816E-1	-9.93667E-3	+8.72548E-2
+9.18810E+0	+5.77610E-1	-1.66505E-2	+8.70212E-2
+9.20130E+0	+5.67233E-1	-2.23726E-2	+8.67928E-2
+9.21440E+0	+5.56845E-1	-1.45906E-2	+8.65459E-2
+9.22750E+0	+5.46369E-1	-1.74898E-2	+8.62808E-2
+9.24060E+0	+5.35807E-1	-2.66450E-2	+8.60210E-2
+9.25370E+0	+5.25161E-1	-2.44325E-2	+8.57505E-2
+9.26680E+0	+5.14432E-1	-1.61165E-2	+8.54530E-2
+9.27990E+0	+5.03621E-1	-2.33644E-2	+8.51342E-2
+9.29300E+0	+4.92731E-1	-3.80891E-2	+8.48290E-2
+9.30610E+0	+4.81764E-1	-3.39693E-2	+8.45109E-2
+9.31920E+0	+4.70720E-1	-1.42854E-2	+8.41589E-2
+9.33230E+0	+4.59602E-1	-1.01655E-2	+8.37655E-2
+9.34540E+0	+4.48412E-1	-4.27431E-2	+8.33788E-2
+9.35850E+0	+4.37151E-1	-5.79256E-2	+8.30092E-2
+9.37160E+0	+4.25821E-1	-3.51900E-2	+8.26081E-2
+9.38480E+0	+4.14336E-1	-1.72609E-2	+8.21472E-2
+9.39790E+0	+4.02873E-1	-2.66450E-2	+8.16623E-2
+9.41100E+0	+3.91347E-1	-3.62581E-2	+8.11851E-2
+9.42410E+0	+3.79759E-1	-4.39638E-2	+8.06501E-2
+9.43720E+0	+3.68110E-1	-4.68629E-2	+8.01060E-2
+9.45030E+0	+3.56404E-1	-5.25850E-2	+7.95172E-2
+9.46340E+0	+3.44641E-1	-5.48738E-2	+7.89087E-2
+9.47650E+0	+3.32825E-1	-5.34242E-2	+7.82449E-2
+9.48960E+0	+3.20955E-1	-5.63234E-2	+7.75445E-2
+9.50270E+0	+3.09035E-1	-5.16695E-2	+7.68005E-2
+9.51580E+0	+2.97066E-1	-5.89174E-2	+7.60101E-2
+9.52890E+0	+2.85051E-1	-5.97566E-2	+7.51533E-2
+9.54200E+0	+2.72990E-1	-6.25795E-2	+7.42593E-2
+9.55510E+0	+2.60887E-1	-7.08955E-2	+7.32770E-2
+9.56830E+0	+2.48649E-1	-7.28029E-2	+7.22447E-2
+9.58140E+0	+2.36465E-1	-7.60835E-2	+7.11279E-2
+9.59450E+0	+2.24243E-1	-7.86775E-2	+6.99593E-2
+9.60760E+0	+2.11986E-1	-8.72987E-2	+6.86912E-2
+9.62070E+0	+1.99696E-1	-9.59199E-2	+6.73556E-2
+9.63380E+0	+1.87374E-1	-1.11179E-1	+6.58842E-2
+9.64690E+0	+1.75022E-1	-1.12399E-1	+6.43007E-2
+9.66000E+0	+1.62643E-1	-1.19800E-1	+6.26004E-2
+9.67310E+0	+1.50238E-1	-1.32160E-1	+6.08122E-2
+9.68620E+0	+1.37810E-1	-1.53293E-1	+5.88202E-2
+9.69930E+0	+1.25360E-1	-1.79996E-1	+5.67411E-2
+9.71240E+0	+1.12890E-1	-2.09369E-1	+5.44968E-2
+9.72550E+0	+1.00402E-1	-2.18372E-1	+5.21193E-2
+9.73860E+0	+8.78986E-2	-2.26230E-1	+4.94235E-2
+9.75180E+0	+7.52855E-2	-2.32181E-1	+4.64505E-2
+9.76490E+0	+6.27561E-2	-2.64224E-1	+4.31438E-2
+9.77800E+0	+5.02167E-2	-2.86655E-1	+3.95863E-2
+9.79110E+0	+3.76695E-2	-3.43418E-1	+3.53858E-2
+9.80420E+0	+2.51163E-2	-3.70578E-1	+3.07588E-2
+9.81730E+0	+1.25591E-2	-4.45041E-1	+2.52945E-2
+9.83040E+0	+1.14834E-14	-4.26730E-1	+1.95790E-2
+9.84350E+0	-1.25591E-2	-4.83188E-1	+1.34172E-2
+9.85660E+0	-2.51163E-2	-4.54196E-1	+7.21598E-3
+9.86970E+0	-3.76695E-2	-4.43515E-1	+1.12365E-3
+9.88280E+0	-5.02167E-2	-3.85455E-1	-4.36306E-3
+9.89590E+0	-6.27561E-2	-3.84387E-1	-9.73313E-3
+9.90900E+0	-7.52855E-2	-3.36322E-1	-1.42979E-2
+9.92220E+0	-8.78986E-2	-2.96115E-1	-1.88493E-2
+9.93530E+0	-1.00402E-1	-3.01608E-1	-2.26653E-2
+9.94840E+0	-1.12890E-1	-2.56595E-1	-2.64440E-2
+9.96150E+0	-1.25360E-1	-2.57053E-1	-2.98213E-2
+9.97460E+0	-1.37810E-1	-2.25849E-1	-3.29516E-2
+9.98770E+0	-1.50238E-1	-2.28137E-1	-3.58181E-2
+1.00008E+1	-1.62643E-1	-1.93958E-1	-3.85347E-2
+1.00139E+1	-1.75022E-1	-1.85413E-1	-4.10726E-2
+1.00270E+1	-1.87374E-1	-1.68552E-1	-4.34508E-2
+1.00401E+1	-1.99696E-1	-1.73892E-1	-4.56416E-2
+1.00532E+1	-2.11986E-1	-1.63440E-1	-4.77820E-2
+1.00663E+1	-2.24243E-1	-1.63364E-1	-4.97634E-2
+1.00794E+1	-2.36465E-1	-1.51767E-1	-5.16190E-2
+1.00925E+1	-2.48649E-1	-1.58176E-1	-5.33629E-2
+1.01057E+1	-2.60887E-1	-1.49555E-1	-5.50369E-2
+1.01188E+1	-2.72990E-1	-1.50928E-1	-5.65908E-2
+1.01319E+1	-2.85051E-1	-1.39255E-1	-5.80516E-2
+1.01450E+1	-2.97066E-1	-1.35822E-1	-5.94155E-2
+1.01581E+1	-3.09035E-1	-1.25980E-1	-6.07436E-2
+1.01712E+1	-3.20955E-1	-1.12323E-1	-6.19696E-2
+1.01843E+1	-3.32825E-1	-9.72932E-2	-6.31178E-2
+1.01974E+1	-3.44641E-1	-8.76802E-2	-6.41736E-2
+1.02105E+1	-3.56404E-1	-8.30263E-2	-6.52039E-2
+1.02236E+1	-3.68110E-1	-7.94405E-2	-6.61691E-2
+1.02367E+1	-3.79759E-1	-6.66994E-2	-6.70888E-2
+1.02498E+1	-3.91347E-1	-6.02907E-2	-6.79424E-2
+1.02629E+1	-4.02873E-1	-6.11299E-2	-6.87853E-2
+1.02760E+1	-4.14336E-1	-6.02144E-2	-6.95802E-2
+1.02892E+1	-4.25821E-1	-5.96040E-2	-7.03328E-2
+1.03023E+1	-4.37151E-1	-5.64760E-2	-7.10294E-2
+1.03154E+1	-4.48412E-1	-5.47975E-2	-7.16960E-2
+1.03285E+1	-4.59602E-1	-4.44978E-2	-7.23552E-2
+1.03416E+1	-4.70720E-1	-3.36641E-2	-7.29520E-2
+1.03547E+1	-4.81764E-1	-3.99202E-2	-7.35417E-2
+1.03678E+1	-4.92731E-1	-4.73970E-2	-7.40995E-2
+1.03809E+1	-5.03621E-1	-5.44923E-2	-7.46102E-2
+1.03940E+1	-5.14432E-1	-3.98439E-2	-7.50991E-2
+1.04071E+1	-5.25161E-1	-2.32118E-2	-7.55942E-2
+1.04202E+1	-5.35807E-1	-2.86287E-2	-7.60617E-2
+1.04333E+1	-5.46369E-1	-5.31190E-2	-7.65051E-2
+1.04464E+1	-5.56845E-1	-3.96150E-2	-7.68916E-2
+1.04595E+1	-5.67233E-1	-8.18191E-3	-7.73073E-2
+1.04727E+1	-5.77610E-1	-2.23726E-2	-7.77287E-2
+1.04858E+1	-5.87816E-1	-4.86940E-2	-7.80659E-2
+1.04989E+1	-5.97930E-1	-2.52717E-2	-7.84057E-2
+1.05120E+1	-6.07950E-1	-1.06233E-2	-7.87720E-2
+1.05251E+1	-6.17873E-1	-3.48085E-2	-7.91045E-2
+1.05382E+1	-6.27700E-1	-1.65742E-2	-7.94033E-2
+1.05513E+1	-6.37427E-1	-2.42799E-2	-7.97260E-2
+1.05644E+1	-6.47054E-1	-2.70265E-2	-8.00041E-2
+1.05775E+1	-6.56578E-1	-1.72609E-2	-8.02931E-2
+1.05906E+1	-6.65999E-1	-2.81709E-2	-8.05652E-2
+1.06037E+1	-6.75315E-1	-1.54298E-2	-8.08221E-2
+1.06168E+1	-6.84525E-1	-2.26778E-2	-8.10645E-2
+1.06299E+1	-6.93626E-1	-1.59639E-2	-8.13150E-2
+1.06430E+1	-7.02618E-1	-1.99312E-2	-8.15511E-2
+1.06562E+1	-7.11567E-1	-1.39802E-2	-8.17862E-2
+1.06693E+1	-7.20335E-1	-1.94734E-2	-8.19967E-2
+1.06824E+1	-7.28990E-1	-1.41328E-2	-8.22118E-2
+1.06955E+1	-7.37529E-1	-1.64979E-2	-8.24127E-2
+1.07086E+1	-7.45952E-1	-1.92445E-2	-8.26181E-2
+1.07217E+1	-7.54258E-1	-1.54298E-2	-8.28095E-2
+1.07348E+1	-7.62444E-1	-1.71846E-2	-8.29922E-2
+1.07479E+1	-7.70511E-1	-1.53535E-2	-8.31738E-2
+1.07610E+1	-7.78456E-1	-1.69557E-2	-8.33463E-2
+1.07741E+1	-7.86278E-1	-1.26070E-2	-8.35111E-2
+1.07872E+1	-7.93975E-1	-1.33699E-2	-8.36791E-2
+1.08003E+1	-8.01548E-1	-1.25307E-2	-8.38338E-2
+1.08134E+1	-8.08994E-1	-1.46669E-2	-8.39968E-2
+1.08265E+1	-8.16313E-1	-7.49526E-3	-8.41375E-2
+1.08397E+1	-8.23557E-1	-1.39802E-2	-8.42865E-2
+1.08528E+1	-8.30616E-1	-4.06203E-3	-8.44243E-2
+1.08659E+1	-8.37544E-1	-1.13863E-2	-8.45570E-2
+1.08790E+1	-8.44340E-1	-1.10811E-2	-8.46964E-2
+1.08921E+1	-8.51003E-1	-8.79226E-3	-8.48235E-2
+1.09052E+1	-8.57531E-1	-5.74050E-3	-8.49422E-2
+1.09183E+1	-8.63925E-1	-8.18191E-3	-8.50614E-2
+1.09314E+1	-8.70181E-1	-6.04568E-3	-8.51772E-2
+1.09445E+1	-8.76301E-1	-5.28274E-3	-8.52841E-2
+1.09576E+1	-8.82283E-1	-8.94485E-3	-8.53923E-2
+1.09707E+1	-8.88125E-1	-9.09743E-3	-8.55005E-2
+1.09838E+1	-8.93827E-1	-4.51980E-3	-8.56025E-2
+1.09969E+1	-8.99388E-1	-6.42715E-3	-8.57040E-2
+1.10100E+1	-9.04807E-1	-1.26070E-2	-8.57991E-2
+1.10232E+1	-9.10124E-1	-8.02932E-3	-8.58881E-2
+1.10363E+1	-9.15256E-1	-2.61245E-3	-8.59760E-2
+1.10494E+1	-9.20243E-1	-1.30647E-2	-8.60613E-2
+1.10625E+1	-9.25086E-1	-3.83315E-3	-8.61482E-2
+1.10756E+1	-9.29782E-1	-3.68056E-3	-8.62278E-2
+1.10887E+1	-9.34332E-1	-6.42715E-3	-8.63063E-2
+1.11018E+1	-9.38734E-1	-7.72414E-3	-8.63808E-2
+1.11149E+1	-9.42989E-1	-1.03181E-2	-8.64541E-2
+1.11280E+1	-9.47094E-1	-1.08657E-3	-8.65192E-2
+1.11411E+1	-9.51051E-1	-3.23630E-4	-8.65908E-2
+1.11542E+1	-9.54857E-1	-3.22280E-3	-8.66523E-2
+1.11673E+1	-9.58512E-1	-1.62063E-3	-8.67174E-2
+1.11804E+1	-9.62017E-1	-2.84133E-3	-8.67725E-2
+1.11935E+1	-9.65369E-1	-5.28274E-3	-8.68330E-2
+1.12067E+1	-9.68594E-1	-1.84951E-3	-8.68830E-2
+1.12198E+1	-9.71640E-1	-3.99924E-4	-8.69355E-2
+1.12329E+1	-9.74533E-1	-1.01028E-3	-8.69852E-2
+1.12460E+1	-9.77273E-1	-1.30647E-2	-8.70343E-2
+1.12591E+1	-9.79858E-1	+4.25401E-3	-8.70885E-2
+1.12722E+1	-9.82289E-1	+3.41477E-3	-8.71226E-2
+1.12853E+1	-9.84564E-1	-6.42715E-3	-8.71673E-2
+1.12984E+1	-9.86685E-1	-6.42715E-3	-8.72050E-2
+1.13115E+1	-9.88650E-1	-7.72414E-3	-8.72481E-2
+1.13246E+1	-9.90459E-1	-1.39174E-3	-8.72773E-2
+1.13377E+1	-9.92111E-1	-4.21462E-3	-8.73112E-2
+1.13508E+1	-9.93608E-1	-5.20644E-3	-8.73421E-2
+1.13639E+1	-9.94947E-1	-8.57687E-4	-8.73681E-2
+1.13770E+1	-9.96129E-1	-1.65742E-2	-8.74010E-2
+1.13902E+1	-9.97162E-1	-3.75686E-3	-8.74272E-2
+1.14033E+1	-9.98029E-1	+2.95701E-3	-8.74455E-2
+1.14164E+1	-9.98738E-1	-1.77321E-3	-8.74602E-2
+1.14295E+1	-9.99290E-1	-5.89309E-3	-8.74860E-2
+1.14426E+1	-9.99685E-1	-9.47479E-5	-8.74974E-2
+1.14557E+1	-9.99921E-1	-1.16286E-3	-8.75147E-2
+1.14688E+1	-1.00000E+0	+6.68192E-4	-8.75239E-2
+1.14819E+1	-9.99921E-1	-4.76218E-4	-8.75337E-2
+1.14950E+1	-9.99685E-1	-4.97756E-3	-8.75406E-2
+1.15081E+1	-9.99290E-1	-9.33981E-4	-8.75523E-2
+1.15212E+1	-9.98738E-1	-4.90127E-3	-8.75589E-2
+1.15343E+1	-9.98029E-1	+4.78806E-3	-8.75683E-2
+1.15474E+1	-9.97162E-1	+6.31394E-3	-8.75668E-2
+1.15606E+1	-9.96129E-1	-6.50344E-3	-8.75788E-2
+1.15737E+1	-9.94947E-1	-5.81679E-3	-8.75851E-2
+1.15868E+1	-9.93608E-1	+1.18071E-2	-8.75870E-2
+1.15999E+1	-9.92111E-1	+3.41477E-3	-8.75830E-2
+1.16130E+1	-9.90459E-1	-1.01028E-3	-8.75842E-2
+1.16261E+1	-9.88650E-1	-2.76504E-3	-8.75889E-2
+1.16392E+1	-9.86685E-1	+3.49107E-3	-8.75810E-2
+1.16523E+1	-9.84564E-1	+4.94065E-3	-8.75860E-2
+1.16654E+1	-9.82289E-1	+8.45017E-3	-8.75857E-2
+1.16785E+1	-9.79858E-1	+1.83684E-2	-8.75757E-2
+1.16916E+1	-9.77273E-1	+5.09324E-3	-8.75506E-2
+1.17047E+1	-9.74533E-1	-1.62691E-2	-8.75648E-2
+1.17178E+1	-9.71640E-1	-4.36721E-3	-8.75599E-2
+1.17309E+1	-9.68594E-1	+2.34666E-3	-8.75458E-2
+1.17441E+1	-9.65369E-1	-1.23916E-3	-8.75375E-2
+1.17572E+1	-9.62017E-1	+2.65183E-3	-8.75243E-2
+1.17703E+1	-9.58512E-1	+3.63016E-4	-8.75160E-2
+1.17834E+1	-9.54857E-1	+1.50742E-3	-8.75017E-2
+1.17965E+1	-9.51051E-1	+2.10428E-4	-8.74827E-2
+1.18096E+1	-9.47094E-1	+2.88072E-3	-8.74656E-2
+1.18227E+1	-9.42989E-1	+9.73367E-4	-8.74494E-2
+1.18358E+1	-9.38734E-1	-3.37539E-3	-8.74276E-2
+1.18489E+1	-9.34332E-1	-1.77321E-3	-8.74025E-2
+1.18620E+1	-9.29782E-1	+1.50742E-3	-8.73784E-2
+1.18751E+1	-9.25086E-1	-1.01028E-3	-8.73527E-2
+1.18882E+1	-9.20243E-1	-3.99924E-4	-8.73275E-2
+1.19013E+1	-9.15256E-1	-2.07839E-3	-8.73009E-2
+1.19144E+1	-9.10124E-1	+5.09324E-3	-8.72737E-2
+1.19276E+1	-9.04807E-1	+2.95701E-3	-8.72395E-2
+1.19407E+1	-8.99388E-1	+6.69541E-3	-8.72070E-2
+1.19538E+1	-8.93827E-1	+5.15604E-4	-8.71718E-2
+1.19669E+1	-8.88125E-1	+5.91898E-4	-8.71311E-2
+1.19800E+1	-8.82283E-1	+1.88889E-3	-8.70890E-2
+1.19931E+1	-8.76301E-1	+5.32212E-3	-8.70443E-2
+1.20062E+1	-8.70181E-1	+5.47471E-3	-8.70036E-2
+1.20193E+1	-8.63925E-1	+4.71177E-3	-8.69582E-2
+1.20324E+1	-8.57531E-1	+3.10960E-3	-8.69104E-2
+1.20455E+1	-8.51003E-1	-1.31545E-3	-8.68597E-2
+1.20586E+1	-8.44340E-1	+5.09324E-3	-8.68082E-2
+1.20717E+1	-8.37544E-1	+5.85618E-3	-8.67495E-2
+1.20848E+1	-8.30616E-1	+5.77989E-3	-8.66885E-2
+1.20979E+1	-8.23557E-1	+6.68192E-4	-8.66273E-2
+1.21111E+1	-8.16313E-1	+5.70359E-3	-8.65604E-2
+1.21242E+1	-8.08994E-1	+5.55100E-3	-8.64926E-2
+1.21373E+1	-8.01548E-1	+4.33030E-3	-8.64245E-2
+1.21504E+1	-7.93975E-1	+7.22947E-3	-8.63448E-2
+1.21635E+1	-7.86278E-1	+6.31394E-3	-8.62700E-2
+1.21766E+1	-7.78456E-1	+6.31394E-3	-8.61844E-2
+1.21897E+1	-7.70511E-1	+1.08916E-2	-8.61115E-2
+1.22028E+1	-7.62444E-1	+2.04148E-3	-8.60182E-2
+1.22159E+1	-7.54258E-1	+1.24175E-2	-8.59259E-2
+1.22290E+1	-7.45952E-1	+7.53465E-3	-8.58383E-2
+1.22421E+1	-7.37529E-1	+5.09324E-3	-8.57307E-2
+1.22552E+1	-7.28990E-1	+7.07688E-3	-8.56315E-2
+1.22683E+1	-7.20335E-1	+1.05101E-2	-8.55189E-2
+1.22814E+1	-7.11567E-1	+9.67088E-3	-8.54103E-2
+1.22946E+1	-7.02618E-1	+1.18071E-2	-8.52896E-2
+1.23077E+1	-6.93626E-1	+5.09324E-3	-8.51694E-2
+1.23208E+1	-6.84525E-1	+1.43248E-2	-8.50392E-2
+1.23339E+1	-6.75315E-1	+9.06053E-3	-8.49063E-2
+1.23470E+1	-6.65999E-1	+1.40196E-2	-8.47695E-2
+1.23601E+1	-6.56578E-1	+8.14500E-3	-8.46210E-2
+1.23732E+1	-6.47054E-1	+1.57744E-2	-8.44708E-2
+1.23863E+1	-6.37427E-1	+1.03575E-2	-8.43141E-2
+1.23994E+1	-6.27700E-1	+1.05864E-2	-8.41422E-2
+1.24125E+1	-6.17873E-1	+1.52403E-2	-8.39805E-2
+1.24256E+1	-6.07950E-1	+1.19597E-2	-8.37919E-2
+1.24387E+1	-5.97930E-1	+1.95128E-2	-8.36039E-2
+1.24518E+1	-5.87816E-1	+1.44011E-2	-8.34066E-2
+1.24649E+1	-5.77610E-1	+1.05864E-2	-8.32064E-2
+1.24781E+1	-5.67233E-1	+1.60033E-2	-8.29885E-2
+1.24912E+1	-5.56845E-1	+1.92839E-2	-8.27774E-2
+1.25043E+1	-5.46369E-1	+1.37908E-2	-8.25405E-2
+1.25174E+1	-5.35807E-1	+2.18779E-2	-8.22776E-2
+1.25305E+1	-5.25161E-1	+3.06517E-2	-8.20368E-2
+1.25436E+1	-5.14432E-1	+2.56926E-2	-8.17773E-2
+1.25567E+1	-5.03621E-1	+1.31804E-2	-8.14857E-2
+1.25698E+1	-4.92731E-1	+2.30223E-2	-8.11744E-2
+1.25829E+1	-4.81764E-1	+3.90440E-2	-8.08747E-2
+1.25960E+1	-4.70720E-1	+3.24065E-2	-8.05770E-2
+1.26091E+1	-4.59602E-1	+6.92430E-3	-8.02290E-2
+1.26222E+1	-4.48412E-1	+1.16545E-2	-7.98362E-2
+1.26353E+1	-4.37151E-1	+4.29350E-2	-7.94379E-2
+1.26484E+1	-4.25821E-1	+5.88805E-2	-7.90815E-2
+1.26616E+1	-4.14336E-1	+4.21721E-2	-7.86736E-2
+1.26747E+1	-4.02873E-1	+2.21831E-2	-7.82213E-2
+1.26878E+1	-3.91347E-1	+3.17198E-2	-7.77229E-2
+1.27009E+1	-3.79759E-1	+2.95073E-2	-7.72424E-2
+1.27140E+1	-3.68110E-1	+3.98833E-2	-7.67087E-2
+1.27271E+1	-3.56404E-1	+4.89623E-2	-7.61563E-2
+1.27402E+1	-3.44641E-1	+5.30058E-2	-7.55674E-2
+1.27533E+1	-3.32825E-1	+5.97197E-2	-7.49372E-2
+1.27664E+1	-3.20955E-1	+5.82701E-2	-7.42737E-2
+1.27795E+1	-3.09035E-1	+6.25426E-2	-7.35579E-2
+1.27926E+1	-2.97066E-1	+6.58995E-2	-7.27893E-2
+1.28057E+1	-2.85051E-1	+6.83409E-2	-7.19773E-2
+1.28188E+1	-2.72990E-1	+6.95616E-2	-7.11053E-2
+1.28319E+1	-2.60887E-1	+7.11638E-2	-7.01809E-2
+1.28451E+1	-2.48649E-1	+8.27605E-2	-6.91666E-2
+1.28582E+1	-2.36465E-1	+8.27605E-2	-6.80859E-2
+1.28713E+1	-2.24243E-1	+9.35942E-2	-6.69365E-2
+1.28844E+1	-2.11986E-1	+9.57304E-2	-6.56953E-2
+1.28975E+1	-1.99696E-1	+1.03055E-1	-6.43453E-2
+1.29106E+1	-1.87374E-1	+9.70274E-2	-6.29356E-2
+1.29237E+1	-1.75022E-1	+1.05420E-1	-6.14134E-2
+1.29368E+1	-1.62643E-1	+1.07480E-1	-5.97725E-2
+1.29499E+1	-1.50238E-1	+1.18619E-1	-5.79887E-2
+1.29630E+1	-1.37810E-1	+1.11142E-1	-5.60362E-2
+1.29761E+1	-1.25360E-1	+1.36929E-1	-5.39270E-2
+1.29892E+1	-1.12890E-1	+1.61725E-1	-5.16669E-2
+1.30023E+1	-1.00402E-1	+1.95447E-1	-4.92073E-2
+1.30154E+1	-8.78986E-2	+2.03534E-1	-4.66261E-2
+1.30286E+1	-7.52855E-2	+2.23370E-1	-4.36866E-2
+1.30417E+1	-6.27561E-2	+2.40842E-1	-4.04715E-2
+1.30548E+1	-5.02167E-2	+2.88067E-1	-3.68148E-2
+1.30679E+1	-3.76695E-2	+3.05844E-1	-3.28147E-2
+1.30810E+1	-2.51163E-2	+3.80536E-1	-2.81111E-2
+1.30941E+1	-1.25591E-2	+4.25778E-1	-2.27979E-2
