+0.00000E+0	+0.00000E+0	-4.37215E-3	-2.18608E-7
+1.31000E-2	+1.25591E-2	+7.57365E-2	+5.96010E-4
+2.62000E-2	+2.51163E-2	+7.66520E-2	+1.55236E-3
+3.93000E-2	+3.76695E-2	+1.60041E-1	+2.95984E-3
+5.24000E-2	+5.02167E-2	+1.95365E-1	+5.33288E-3
+6.55000E-2	+6.27561E-2	+1.96510E-1	+7.74205E-3
+7.86000E-2	+7.52855E-2	+1.91703E-1	+1.02122E-2
+9.18000E-2	+8.78986E-2	+1.91398E-1	+1.26496E-2
+1.04900E-1	+1.00402E-1	+1.87431E-1	+1.50677E-2
+1.18000E-1	+1.12890E-1	+1.89186E-1	+1.73526E-2
+1.31100E-1	+1.25360E-1	+1.91780E-1	+1.96580E-2
+1.44200E-1	+1.37810E-1	+1.92924E-1	+2.18957E-2
+1.57300E-1	+1.50238E-1	+1.92008E-1	+2.41328E-2
+1.70400E-1	+1.62643E-1	+1.84303E-1	+2.62364E-2
+1.83500E-1	+1.75022E-1	+1.73545E-1	+2.83750E-2
+1.96600E-1	+1.87374E-1	+1.68815E-1	+3.04572E-2
+2.09700E-1	+1.99696E-1	+1.57371E-1	+3.25088E-2
+2.22800E-1	+2.11986E-1	+1.60118E-1	+3.44420E-2
+2.35900E-1	+2.24243E-1	+1.54624E-1	+3.63543E-2
+2.49000E-1	+2.36465E-1	+1.55311E-1	+3.81968E-2
+2.62100E-1	+2.48649E-1	+1.47987E-1	+4.00378E-2
+2.75300E-1	+2.60887E-1	+1.43638E-1	+4.17936E-2
+2.88400E-1	+2.72990E-1	+1.36390E-1	+4.35337E-2
+3.01500E-1	+2.85051E-1	+1.36085E-1	+4.51976E-2
+3.14600E-1	+2.97066E-1	+1.23649E-1	+4.68303E-2
+3.27700E-1	+3.09035E-1	+1.18309E-1	+4.83814E-2
+3.40800E-1	+3.20955E-1	+1.14723E-1	+4.99174E-2
+3.53900E-1	+3.32825E-1	+1.15257E-1	+5.13820E-2
+3.67000E-1	+3.44641E-1	+1.14494E-1	+5.28348E-2
+3.80100E-1	+3.56404E-1	+1.10527E-1	+5.42028E-2
+3.93200E-1	+3.68110E-1	+1.06941E-1	+5.55669E-2
+4.06300E-1	+3.79759E-1	+1.03813E-1	+5.68699E-2
+4.19400E-1	+3.91347E-1	+1.01524E-1	+5.81471E-2
+4.32500E-1	+4.02873E-1	+9.51152E-2	+5.93433E-2
+4.45600E-1	+4.14336E-1	+8.87065E-2	+6.05229E-2
+4.58800E-1	+4.25821E-1	+8.53495E-2	+6.16518E-2
+4.71900E-1	+4.37151E-1	+9.02323E-2	+6.27575E-2
+4.85000E-1	+4.48412E-1	+8.90116E-2	+6.38041E-2
+4.98100E-1	+4.59602E-1	+8.93168E-2	+6.48401E-2
+5.11200E-1	+4.70720E-1	+6.78019E-2	+6.58389E-2
+5.24300E-1	+4.81764E-1	+5.88755E-2	+6.67839E-2
+5.37400E-1	+4.92731E-1	+6.72679E-2	+6.77260E-2
+5.50500E-1	+5.03621E-1	+6.58183E-2	+6.86168E-2
+5.63600E-1	+5.14432E-1	+6.77256E-2	+6.94540E-2
+5.76700E-1	+5.25161E-1	+6.28428E-2	+7.02651E-2
+5.89800E-1	+5.35807E-1	+5.39164E-2	+7.10718E-2
+6.02900E-1	+5.46369E-1	+6.79545E-2	+7.18215E-2
+6.16000E-1	+5.56845E-1	+6.06303E-2	+7.25505E-2
+6.29100E-1	+5.67233E-1	+3.60636E-2	+7.32502E-2
+6.42300E-1	+5.77610E-1	+5.24668E-2	+7.39567E-2
+6.55400E-1	+5.87816E-1	+5.41453E-2	+7.46103E-2
+6.68500E-1	+5.97930E-1	+4.10990E-2	+7.51976E-2
+6.81600E-1	+6.07950E-1	+4.68974E-2	+7.58262E-2
+6.94700E-1	+6.17873E-1	+5.14750E-2	+7.63637E-2
+7.07800E-1	+6.27700E-1	+2.53062E-2	+7.69352E-2
+7.20900E-1	+6.37427E-1	+4.97203E-2	+7.74986E-2
+7.34000E-1	+6.47054E-1	+4.18620E-2	+7.79552E-2
+7.47100E-1	+6.56578E-1	+2.38566E-2	+7.84898E-2
+7.60200E-1	+6.65999E-1	+5.86466E-2	+7.89296E-2
+7.73300E-1	+6.75315E-1	+8.21635E-3	+7.93999E-2
+7.86400E-1	+6.84525E-1	+5.54423E-2	+7.98569E-2
+7.99500E-1	+6.93626E-1	+1.65324E-2	+8.02346E-2
+8.12600E-1	+7.02618E-1	+3.93443E-2	+8.06723E-2
+8.25800E-1	+7.11567E-1	+1.59983E-2	+8.10314E-2
+8.38900E-1	+7.20335E-1	+3.88102E-2	+8.14161E-2
+8.52000E-1	+7.28990E-1	+1.82109E-2	+8.17732E-2
+8.65100E-1	+7.37529E-1	+3.28593E-2	+8.21061E-2
+8.78200E-1	+7.45952E-1	+2.04997E-2	+8.24560E-2
+8.91300E-1	+7.54258E-1	+1.94316E-2	+8.27571E-2
+9.04400E-1	+7.62444E-1	+3.08757E-2	+8.30686E-2
+9.17500E-1	+7.70511E-1	+1.93553E-2	+8.33776E-2
+9.30600E-1	+7.78456E-1	+1.98893E-2	+8.36516E-2
+9.43700E-1	+7.86278E-1	+2.66032E-2	+8.39173E-2
+9.56800E-1	+7.93975E-1	+2.66032E-2	+8.41796E-2
+9.69900E-1	+8.01548E-1	+1.49302E-2	+8.44150E-2
+9.83000E-1	+8.08994E-1	+1.01237E-2	+8.46543E-2
+9.96100E-1	+8.16313E-1	+1.31755E-2	+8.48867E-2
+1.00930E+0	+8.23557E-1	+1.92027E-2	+8.51201E-2
+1.02240E+0	+8.30616E-1	+2.18730E-2	+8.53440E-2
+1.03550E+0	+8.37544E-1	+1.42436E-2	+8.55337E-2
+1.04860E+0	+8.44340E-1	+1.00474E-2	+8.57295E-2
+1.06170E+0	+8.51003E-1	+1.69902E-2	+8.59215E-2
+1.07480E+0	+8.57531E-1	+1.36332E-2	+8.61052E-2
+1.08790E+0	+8.63925E-1	+7.14823E-3	+8.62781E-2
+1.10100E+0	+8.70181E-1	+4.32536E-3	+8.64482E-2
+1.11410E+0	+8.76301E-1	+3.79130E-3	+8.66099E-2
+1.12720E+0	+8.82283E-1	+2.41801E-3	+8.67668E-2
+1.14030E+0	+8.88125E-1	+6.99565E-3	+8.69143E-2
+1.15340E+0	+8.93827E-1	+1.03526E-2	+8.70550E-2
+1.16650E+0	+8.99388E-1	+1.32517E-2	+8.71909E-2
+1.17960E+0	+9.04807E-1	+1.02763E-2	+8.73276E-2
+1.19280E+0	+9.10124E-1	+1.18022E-2	+8.74441E-2
+1.20590E+0	+9.15256E-1	+4.32536E-3	+8.75659E-2
+1.21900E+0	+9.20243E-1	+1.23362E-2	+8.76792E-2
+1.23210E+0	+9.25086E-1	-1.47298E-3	+8.77875E-2
+1.24520E+0	+9.29782E-1	+5.62235E-3	+8.78967E-2
+1.25830E+0	+9.34332E-1	+7.30082E-3	+8.79974E-2
+1.27140E+0	+9.38734E-1	+2.49430E-3	+8.80951E-2
+1.28450E+0	+9.42989E-1	+1.65507E-3	+8.81875E-2
+1.29760E+0	+9.47094E-1	+6.00382E-3	+8.82729E-2
+1.31070E+0	+9.51051E-1	-6.33749E-4	+8.83505E-2
+1.32380E+0	+9.54857E-1	+8.15836E-4	+8.84398E-2
+1.33690E+0	+9.58512E-1	-1.75985E-4	+8.85075E-2
+1.35000E+0	+9.62017E-1	+1.41673E-2	+8.85717E-2
+1.36310E+0	+9.65369E-1	+5.24088E-3	+8.86523E-2
+1.37630E+0	+9.68594E-1	-9.38925E-4	+8.87105E-2
+1.38940E+0	+9.71640E-1	-2.08333E-3	+8.87679E-2
+1.40250E+0	+9.74533E-1	+1.34989E-3	+8.88258E-2
+1.41560E+0	+9.77273E-1	+6.84306E-3	+8.88769E-2
+1.42870E+0	+9.79858E-1	-2.52279E-4	+8.89191E-2
+1.44180E+0	+9.82289E-1	-5.74544E-3	+8.89619E-2
+1.45490E+0	+9.84564E-1	-4.82992E-3	+8.89987E-2
+1.46800E+0	+9.86685E-1	-1.03231E-2	+8.90415E-2
+1.48110E+0	+9.88650E-1	+4.93571E-3	+8.90914E-2
+1.49420E+0	+9.90459E-1	-9.38925E-4	+8.90973E-2
+1.50730E+0	+9.92111E-1	+1.73136E-3	+8.91185E-2
+1.52040E+0	+9.93608E-1	+2.41801E-3	+8.91409E-2
+1.53350E+0	+9.94947E-1	-2.54110E-3	+8.91641E-2
+1.54660E+0	+9.96129E-1	+9.05558E-3	+8.91805E-2
+1.55980E+0	+9.97162E-1	+1.80766E-3	+8.91996E-2
+1.57290E+0	+9.98029E-1	-3.30404E-3	+8.92002E-2
+1.58600E+0	+9.98738E-1	-4.82992E-3	+8.92120E-2
+1.59910E+0	+9.99290E-1	+3.58072E-4	+8.92125E-2
+1.61220E+0	+9.99685E-1	+5.28964E-5	+8.92057E-2
+1.62530E+0	+9.99921E-1	+5.24088E-3	+8.92193E-2
+1.63840E+0	+1.00000E+0	+3.71501E-3	+8.92123E-2
+1.65150E+0	+9.99921E-1	+1.96025E-3	+8.92035E-2
+1.66460E+0	+9.99685E-1	+6.08012E-3	+8.91862E-2
+1.67770E+0	+9.99290E-1	+3.56242E-3	+8.91785E-2
+1.69080E+0	+9.98738E-1	+6.46159E-3	+8.91642E-2
+1.70390E+0	+9.98029E-1	+3.58072E-4	+8.91549E-2
+1.71700E+0	+9.97162E-1	-4.82992E-3	+8.91413E-2
+1.73020E+0	+9.96129E-1	-3.28573E-4	+8.91265E-2
+1.74330E+0	+9.94947E-1	+1.15733E-2	+8.91037E-2
+1.75640E+0	+9.93608E-1	-1.16781E-3	+8.90866E-2
+1.76950E+0	+9.92111E-1	-4.06698E-3	+8.90664E-2
+1.78260E+0	+9.90459E-1	-4.67733E-3	+8.90422E-2
+1.79570E+0	+9.88650E-1	+1.73136E-3	+8.90264E-2
+1.80880E+0	+9.86685E-1	-8.33944E-3	+8.89912E-2
+1.82190E+0	+9.84564E-1	-9.78902E-3	+8.89771E-2
+1.83500E+0	+9.82289E-1	-5.89803E-3	+8.89574E-2
+1.84810E+0	+9.79858E-1	-1.58162E-2	+8.89305E-2
+1.86120E+0	+9.77273E-1	-1.86391E-2	+8.88887E-2
+1.87430E+0	+9.74533E-1	-3.45663E-3	+8.88601E-2
+1.88740E+0	+9.71640E-1	+1.42619E-3	+8.88213E-2
+1.90050E+0	+9.68594E-1	+1.88395E-3	+8.87846E-2
+1.91370E+0	+9.65369E-1	+5.28964E-5	+8.87489E-2
+1.92680E+0	+9.62017E-1	-4.06698E-3	+8.87050E-2
+1.93990E+0	+9.58512E-1	-5.13509E-3	+8.86641E-2
+1.95300E+0	+9.54857E-1	+6.63248E-4	+8.86178E-2
+1.96610E+0	+9.51051E-1	-4.29586E-3	+8.85724E-2
+1.97920E+0	+9.47094E-1	+5.10660E-4	+8.85232E-2
+1.99230E+0	+9.42989E-1	-8.64461E-3	+8.84691E-2
+2.00540E+0	+9.38734E-1	-2.84627E-3	+8.84217E-2
+2.01850E+0	+9.34332E-1	+2.03654E-3	+8.83641E-2
+2.03160E+0	+9.29782E-1	+1.19731E-3	+8.83056E-2
+2.04470E+0	+9.25086E-1	-2.84627E-3	+8.82412E-2
+2.05780E+0	+9.20243E-1	-6.05062E-3	+8.81785E-2
+2.07090E+0	+9.15256E-1	-6.58468E-3	+8.81127E-2
+2.08400E+0	+9.10124E-1	-4.14327E-3	+8.80336E-2
+2.09720E+0	+9.04807E-1	-9.33126E-3	+8.79697E-2
+2.11030E+0	+8.99388E-1	-2.52279E-4	+8.78866E-2
+2.12340E+0	+8.93827E-1	-1.06283E-2	+8.78065E-2
+2.13650E+0	+8.88125E-1	-6.58468E-3	+8.77264E-2
+2.14960E+0	+8.82283E-1	-2.99886E-3	+8.76378E-2
+2.16270E+0	+8.76301E-1	-4.37215E-3	+8.75471E-2
+2.17580E+0	+8.70181E-1	-4.44845E-3	+8.74485E-2
+2.18890E+0	+8.63925E-1	-5.89803E-3	+8.73526E-2
+2.20200E+0	+8.57531E-1	-6.05062E-3	+8.72476E-2
+2.21510E+0	+8.51003E-1	-5.82174E-3	+8.71410E-2
+2.22820E+0	+8.44340E-1	-6.27950E-3	+8.70300E-2
+2.24130E+0	+8.37544E-1	-1.45955E-2	+8.69119E-2
+2.25440E+0	+8.30616E-1	-1.13149E-2	+8.67888E-2
+2.26750E+0	+8.23557E-1	-3.60921E-3	+8.66569E-2
+2.28070E+0	+8.16313E-1	-1.20778E-2	+8.65297E-2
+2.29380E+0	+8.08994E-1	-1.52059E-2	+8.63862E-2
+2.30690E+0	+8.01548E-1	-7.27132E-3	+8.62380E-2
+2.32000E+0	+7.93975E-1	-1.32985E-2	+8.60990E-2
+2.33310E+0	+7.86278E-1	-9.86532E-3	+8.59326E-2
+2.34620E+0	+7.78456E-1	-1.20778E-2	+8.57719E-2
+2.35930E+0	+7.70511E-1	-1.00179E-2	+8.56014E-2
+2.37240E+0	+7.62444E-1	-1.45955E-2	+8.54151E-2
+2.38550E+0	+7.54258E-1	-1.47481E-2	+8.52241E-2
+2.39860E+0	+7.45952E-1	-1.36037E-2	+8.50347E-2
+2.41170E+0	+7.37529E-1	-1.58925E-2	+8.48252E-2
+2.42480E+0	+7.28990E-1	-1.22304E-2	+8.46091E-2
+2.43790E+0	+7.20335E-1	-1.60451E-2	+8.43959E-2
+2.45100E+0	+7.11567E-1	-9.86532E-3	+8.41580E-2
+2.46420E+0	+7.02618E-1	-1.65029E-2	+8.39215E-2
+2.47730E+0	+6.93626E-1	-2.10042E-2	+8.36629E-2
+2.49040E+0	+6.84525E-1	-1.93258E-2	+8.34170E-2
+2.50350E+0	+6.75315E-1	-1.90969E-2	+8.31212E-2
+2.51660E+0	+6.65999E-1	-1.88680E-2	+8.28461E-2
+2.52970E+0	+6.56578E-1	-2.38271E-2	+8.25250E-2
+2.54280E+0	+6.47054E-1	-2.95492E-2	+8.22305E-2
+2.55590E+0	+6.37427E-1	-1.94784E-2	+8.18908E-2
+2.56900E+0	+6.27700E-1	-3.90096E-2	+8.15511E-2
+2.58210E+0	+6.17873E-1	-1.52059E-2	+8.11976E-2
+2.59520E+0	+6.07950E-1	-3.79415E-2	+8.07989E-2
+2.60830E+0	+5.97930E-1	-3.48897E-2	+8.04467E-2
+2.62140E+0	+5.87816E-1	-1.45955E-2	+8.00073E-2
+2.63450E+0	+5.77610E-1	-5.76253E-2	+7.95828E-2
+2.64770E+0	+5.67233E-1	-2.06991E-2	+7.91560E-2
+2.66080E+0	+5.56845E-1	-2.73366E-2	+7.86217E-2
+2.67390E+0	+5.46369E-1	-6.69332E-2	+7.81663E-2
+2.68700E+0	+5.35807E-1	-2.68789E-2	+7.76736E-2
+2.70010E+0	+5.25161E-1	-3.41268E-2	+7.70798E-2
+2.71320E+0	+5.14432E-1	-5.09115E-2	+7.65365E-2
+2.72630E+0	+5.03621E-1	-5.21322E-2	+7.59358E-2
+2.73940E+0	+4.92731E-1	-4.29006E-2	+7.53280E-2
+2.75250E+0	+4.81764E-1	-4.49605E-2	+7.46545E-2
+2.76560E+0	+4.70720E-1	-5.00722E-2	+7.39620E-2
+2.77870E+0	+4.59602E-1	-6.13637E-2	+7.32434E-2
+2.79180E+0	+4.48412E-1	-6.22030E-2	+7.25128E-2
+2.80490E+0	+4.37151E-1	-7.51729E-2	+7.17402E-2
+2.81800E+0	+4.25821E-1	-6.22030E-2	+7.09036E-2
+2.83120E+0	+4.14336E-1	-6.26607E-2	+7.00608E-2
+2.84430E+0	+4.02873E-1	-6.98324E-2	+6.91672E-2
+2.85740E+0	+3.91347E-1	-7.24264E-2	+6.82420E-2
+2.87050E+0	+3.79759E-1	-7.34182E-2	+6.72608E-2
+2.88360E+0	+3.68110E-1	-7.70040E-2	+6.62497E-2
+2.89670E+0	+3.56404E-1	-8.26497E-2	+6.51812E-2
+2.90980E+0	+3.44641E-1	-8.46334E-2	+6.40909E-2
+2.92290E+0	+3.32825E-1	-8.58541E-2	+6.29245E-2
+2.93600E+0	+3.20955E-1	-8.67696E-2	+6.17323E-2
+2.94910E+0	+3.09035E-1	-8.72274E-2	+6.04763E-2
+2.96220E+0	+2.97066E-1	-8.63881E-2	+5.92018E-2
+2.97530E+0	+2.85051E-1	-9.31783E-2	+5.78468E-2
+2.98840E+0	+2.72990E-1	-9.28731E-2	+5.64460E-2
+3.00150E+0	+2.60887E-1	-9.98159E-2	+5.49827E-2
+3.01470E+0	+2.48649E-1	-1.05233E-1	+5.34788E-2
+3.02780E+0	+2.36465E-1	-1.11565E-1	+5.18907E-2
+3.04090E+0	+2.24243E-1	-1.17363E-1	+5.02731E-2
+3.05400E+0	+2.11986E-1	-1.25222E-1	+4.85776E-2
+3.06710E+0	+1.99696E-1	-1.32546E-1	+4.68511E-2
+3.08020E+0	+1.87374E-1	-1.53832E-1	+4.50289E-2
+3.09330E+0	+1.75022E-1	-1.60241E-1	+4.31287E-2
+3.10640E+0	+1.62643E-1	-1.72677E-1	+4.11669E-2
+3.11950E+0	+1.50238E-1	-1.73897E-1	+3.91634E-2
+3.13260E+0	+1.37810E-1	-1.80916E-1	+3.69974E-2
+3.14570E+0	+1.25360E-1	-1.85418E-1	+3.47975E-2
+3.15880E+0	+1.12890E-1	-1.95870E-1	+3.24893E-2
+3.17190E+0	+1.00402E-1	-1.90911E-1	+3.01665E-2
+3.18500E+0	+8.78986E-2	-2.00829E-1	+2.76936E-2
+3.19820E+0	+7.52855E-2	-1.98464E-1	+2.52042E-2
+3.21130E+0	+6.27561E-2	-1.93963E-1	+2.26727E-2
+3.22440E+0	+5.02167E-2	-1.82290E-1	+2.01655E-2
+3.23750E+0	+3.76695E-2	-1.86638E-1	+1.75636E-2
+3.25060E+0	+2.51163E-2	-1.89614E-1	+1.50382E-2
+3.26370E+0	+1.25591E-2	-1.89232E-1	+1.24462E-2
+3.27680E+0	+4.48686E-15	-1.92818E-1	+9.96315E-3
+3.28990E+0	-1.25591E-2	-1.92971E-1	+7.40054E-3
+3.30300E+0	-2.51163E-2	-1.78170E-1	+4.82255E-3
+3.31610E+0	-3.76695E-2	-1.70617E-1	+2.25462E-3
+3.32920E+0	-5.02167E-2	-1.71532E-1	-2.15553E-4
+3.34230E+0	-6.27561E-2	-1.70464E-1	-2.72940E-3
+3.35540E+0	-7.52855E-2	-1.69167E-1	-5.12793E-3
+3.36860E+0	-8.78986E-2	-1.65352E-1	-7.53945E-3
+3.38170E+0	-1.00402E-1	-1.69396E-1	-9.82613E-3
+3.39480E+0	-1.12890E-1	-1.64284E-1	-1.21810E-2
+3.40790E+0	-1.25360E-1	-1.74660E-1	-1.44394E-2
+3.42100E+0	-1.37810E-1	-1.67870E-1	-1.66548E-2
+3.43410E+0	-1.50238E-1	-1.80993E-1	-1.87898E-2
+3.44720E+0	-1.62643E-1	-1.64055E-1	-2.08955E-2
+3.46030E+0	-1.75022E-1	-1.61309E-1	-2.29482E-2
+3.47340E+0	-1.87374E-1	-1.46889E-1	-2.49671E-2
+3.48650E+0	-1.99696E-1	-1.55205E-1	-2.68984E-2
+3.49960E+0	-2.11986E-1	-1.49331E-1	-2.88461E-2
+3.51270E+0	-2.24243E-1	-1.53679E-1	-3.07134E-2
+3.52580E+0	-2.36465E-1	-1.50246E-1	-3.25223E-2
+3.53890E+0	-2.48649E-1	-1.59783E-1	-3.42794E-2
+3.55210E+0	-2.60887E-1	-1.48491E-1	-3.60195E-2
+3.56520E+0	-2.72990E-1	-1.53832E-1	-3.76757E-2
+3.57830E+0	-2.85051E-1	-1.48034E-1	-3.92833E-2
+3.59140E+0	-2.97066E-1	-1.54290E-1	-4.08279E-2
+3.60450E+0	-3.09035E-1	-1.49636E-1	-4.23834E-2
+3.61760E+0	-3.20955E-1	-1.51009E-1	-4.38678E-2
+3.63070E+0	-3.32825E-1	-1.44906E-1	-4.53200E-2
+3.64380E+0	-3.44641E-1	-1.40862E-1	-4.66960E-2
+3.65690E+0	-3.56404E-1	-1.30105E-1	-4.80726E-2
+3.67000E+0	-3.68110E-1	-1.21560E-1	-4.93774E-2
+3.68310E+0	-3.79759E-1	-1.05767E-1	-5.06473E-2
+3.69620E+0	-3.91347E-1	-9.37887E-2	-5.18525E-2
+3.70930E+0	-4.02873E-1	-9.27968E-2	-5.30746E-2
+3.72240E+0	-4.14336E-1	-8.98214E-2	-5.42333E-2
+3.73560E+0	-4.25821E-1	-8.32601E-2	-5.53652E-2
+3.74870E+0	-4.37151E-1	-8.00557E-2	-5.64266E-2
+3.76180E+0	-4.48412E-1	-7.57070E-2	-5.74837E-2
+3.77490E+0	-4.59602E-1	-7.19686E-2	-5.85015E-2
+3.78800E+0	-4.70720E-1	-6.15926E-2	-5.94881E-2
+3.80110E+0	-4.81764E-1	-6.11348E-2	-6.04089E-2
+3.81420E+0	-4.92731E-1	-8.12764E-2	-6.13011E-2
+3.82730E+0	-5.03621E-1	-7.64699E-2	-6.21731E-2
+3.84040E+0	-5.14432E-1	-6.31185E-2	-6.29972E-2
+3.85350E+0	-5.25161E-1	-5.57943E-2	-6.38079E-2
+3.86660E+0	-5.35807E-1	-5.97616E-2	-6.45805E-2
+3.87970E+0	-5.46369E-1	-6.34237E-2	-6.53264E-2
+3.89280E+0	-5.56845E-1	-4.92330E-2	-6.60481E-2
+3.90590E+0	-5.67233E-1	-4.06881E-2	-6.67614E-2
+3.91910E+0	-5.77610E-1	-5.91512E-2	-6.74108E-2
+3.93220E+0	-5.87816E-1	-5.02248E-2	-6.80252E-2
+3.94530E+0	-5.97930E-1	-4.24428E-2	-6.86707E-2
+3.95840E+0	-6.07950E-1	-5.39632E-2	-6.92673E-2
+3.97150E+0	-6.17873E-1	-3.37453E-2	-6.98125E-2
+3.98460E+0	-6.27700E-1	-3.60341E-2	-7.04131E-2
+3.99770E+0	-6.37427E-1	-5.92275E-2	-7.09031E-2
+4.01080E+0	-6.47054E-1	-2.20723E-2	-7.14203E-2
+4.02390E+0	-6.56578E-1	-4.74019E-2	-7.19310E-2
+4.03700E+0	-6.65999E-1	-3.22194E-2	-7.23588E-2
+4.05010E+0	-6.75315E-1	-2.57345E-2	-7.28742E-2
+4.06320E+0	-6.84525E-1	-4.70968E-2	-7.32355E-2
+4.07630E+0	-6.93626E-1	-1.42904E-2	-7.37130E-2
+4.08940E+0	-7.02618E-1	-4.58761E-2	-7.40851E-2
+4.10260E+0	-7.11567E-1	-1.68081E-2	-7.45114E-2
+4.11570E+0	-7.20335E-1	-3.97725E-2	-7.48546E-2
+4.12880E+0	-7.28990E-1	-2.15383E-2	-7.52284E-2
+4.14190E+0	-7.37529E-1	-1.87154E-2	-7.55670E-2
+4.15500E+0	-7.45952E-1	-3.35164E-2	-7.59151E-2
+4.16810E+0	-7.54258E-1	-1.84102E-2	-7.62320E-2
+4.18120E+0	-7.62444E-1	-2.32931E-2	-7.65379E-2
+4.19430E+0	-7.70511E-1	-2.73366E-2	-7.68465E-2
+4.20740E+0	-7.78456E-1	-2.11568E-2	-7.71305E-2
+4.22050E+0	-7.86278E-1	-1.82577E-2	-7.74003E-2
+4.23360E+0	-7.93975E-1	-2.22249E-2	-7.76791E-2
+4.24670E+0	-8.01548E-1	-1.57400E-2	-7.79442E-2
+4.25980E+0	-8.08994E-1	-1.34511E-2	-7.82046E-2
+4.27290E+0	-8.16313E-1	-1.49007E-2	-7.84396E-2
+4.28610E+0	-8.23557E-1	-2.26064E-2	-7.86716E-2
+4.29920E+0	-8.30616E-1	-2.16146E-2	-7.88940E-2
+4.31230E+0	-8.37544E-1	-1.42904E-2	-7.91201E-2
+4.32540E+0	-8.44340E-1	-1.52822E-2	-7.93300E-2
+4.33850E+0	-8.51003E-1	-1.29171E-2	-7.95280E-2
+4.35160E+0	-8.57531E-1	-1.44430E-2	-7.97298E-2
+4.36470E+0	-8.63925E-1	-1.43667E-2	-7.99185E-2
+4.37780E+0	-8.70181E-1	-1.02468E-2	-8.01007E-2
+4.39090E+0	-8.76301E-1	-1.00179E-2	-8.02714E-2
+4.40400E+0	-8.82283E-1	-8.33944E-3	-8.04368E-2
+4.41710E+0	-8.88125E-1	-9.25496E-3	-8.06038E-2
+4.43020E+0	-8.93827E-1	-5.89803E-3	-8.07617E-2
+4.44330E+0	-8.99388E-1	-1.43667E-2	-8.09088E-2
+4.45640E+0	-9.04807E-1	-2.08516E-2	-8.10523E-2
+4.46960E+0	-9.10124E-1	-1.11623E-2	-8.11954E-2
+4.48270E+0	-9.15256E-1	-6.35580E-3	-8.13269E-2
+4.49580E+0	-9.20243E-1	-1.27645E-2	-8.14517E-2
+4.50890E+0	-9.25086E-1	-5.97433E-3	-8.15784E-2
+4.52200E+0	-9.29782E-1	-4.60103E-3	-8.17051E-2
+4.53510E+0	-9.34332E-1	-7.27132E-3	-8.18143E-2
+4.54820E+0	-9.38734E-1	-1.28408E-2	-8.19266E-2
+4.56130E+0	-9.42989E-1	-1.47481E-2	-8.20370E-2
+4.57440E+0	-9.47094E-1	-5.89803E-3	-8.21384E-2
+4.58750E+0	-9.51051E-1	-6.05062E-3	-8.22342E-2
+4.60060E+0	-9.54857E-1	-3.99068E-3	-8.23294E-2
+4.61370E+0	-9.58512E-1	-1.09334E-2	-8.24229E-2
+4.62680E+0	-9.62017E-1	-4.81161E-4	-8.25055E-2
+4.63990E+0	-9.65369E-1	-4.37215E-3	-8.25834E-2
+4.65310E+0	-9.68594E-1	-3.53292E-3	-8.26572E-2
+4.66620E+0	-9.71640E-1	-2.46480E-3	-8.27344E-2
+4.67930E+0	-9.74533E-1	-2.54110E-3	-8.28009E-2
+4.69240E+0	-9.77273E-1	-1.20778E-2	-8.28695E-2
+4.70550E+0	-9.79858E-1	-8.62631E-4	-8.29460E-2
+4.71860E+0	-9.82289E-1	+4.02018E-3	-8.29980E-2
+4.73170E+0	-9.84564E-1	+5.54606E-3	-8.30581E-2
+4.74480E+0	-9.86685E-1	+6.69047E-3	-8.31137E-2
+4.75790E+0	-9.88650E-1	-5.13509E-3	-8.31776E-2
+4.77100E+0	-9.90459E-1	+1.19731E-3	-8.32105E-2
+4.78410E+0	-9.92111E-1	-3.15145E-3	-8.32520E-2
+4.79720E+0	-9.93608E-1	-5.51656E-3	-8.32906E-2
+4.81030E+0	-9.94947E-1	+1.50248E-3	-8.33287E-2
+4.82340E+0	-9.96129E-1	-1.42141E-2	-8.33629E-2
+4.83660E+0	-9.97162E-1	-4.60103E-3	-8.33968E-2
+4.84970E+0	-9.98029E-1	+1.50248E-3	-8.34214E-2
+4.86280E+0	-9.98738E-1	+1.73136E-3	-8.34422E-2
+4.87590E+0	-9.99290E-1	-5.13509E-3	-8.34672E-2
+4.88900E+0	-9.99685E-1	-3.60921E-3	-8.34784E-2
+4.90210E+0	-9.99921E-1	-6.58468E-3	-8.35024E-2
+4.91520E+0	-1.00000E+0	-2.69369E-3	-8.35130E-2
+4.92830E+0	-9.99921E-1	-1.24410E-3	-8.35225E-2
+4.94140E+0	-9.99685E-1	-6.35580E-3	-8.35237E-2
+4.95450E+0	-9.99290E-1	-3.60921E-3	-8.35337E-2
+4.96760E+0	-9.98738E-1	-8.03426E-3	-8.35374E-2
+4.98070E+0	-9.98029E-1	-2.99886E-3	-8.35471E-2
+4.99380E+0	-9.97162E-1	+4.32536E-3	-8.35494E-2
+5.00700E+0	-9.96129E-1	-2.46480E-3	-8.35542E-2
+5.02010E+0	-9.94947E-1	-1.27645E-2	-8.35494E-2
+5.03320E+0	-9.93608E-1	-3.30404E-3	-8.35525E-2
+5.04630E+0	-9.92111E-1	-3.99068E-3	-8.35511E-2
+5.05940E+0	-9.90459E-1	-3.60921E-3	-8.35434E-2
+5.07250E+0	-9.88650E-1	-6.88985E-3	-8.35443E-2
+5.08560E+0	-9.86685E-1	+5.01200E-3	-8.35280E-2
+5.09870E+0	-9.84564E-1	+7.22453E-3	-8.35316E-2
+5.11180E+0	-9.82289E-1	+1.50248E-3	-8.35291E-2
+5.12490E+0	-9.79858E-1	+9.05558E-3	-8.35199E-2
+5.13800E+0	-9.77273E-1	+1.65324E-2	-8.34913E-2
+5.15110E+0	-9.74533E-1	+3.63871E-3	-8.34805E-2
+5.16420E+0	-9.71640E-1	-2.31222E-3	-8.34634E-2
+5.17730E+0	-9.68594E-1	-2.38851E-3	-8.34447E-2
+5.19050E+0	-9.65369E-1	+5.10660E-4	-8.34257E-2
+5.20360E+0	-9.62017E-1	+3.18095E-3	-8.34010E-2
+5.21670E+0	-9.58512E-1	-2.52279E-4	-8.33814E-2
+5.22980E+0	-9.54857E-1	+3.58072E-4	-8.33569E-2
+5.24290E+0	-9.51051E-1	-2.99886E-3	-8.33240E-2
+5.25600E+0	-9.47094E-1	+4.78312E-3	-8.32964E-2
+5.26910E+0	-9.42989E-1	-1.77816E-3	-8.32641E-2
+5.28220E+0	-9.38734E-1	-1.93075E-3	-8.32212E-2
+5.29530E+0	-9.34332E-1	+7.83488E-3	-8.31837E-2
+5.30840E+0	-9.29782E-1	+8.44523E-3	-8.31466E-2
+5.32150E+0	-9.25086E-1	+1.27360E-3	-8.31001E-2
+5.33460E+0	-9.20243E-1	+6.99565E-3	-8.30563E-2
+5.34770E+0	-9.15256E-1	+4.32536E-3	-8.30060E-2
+5.36080E+0	-9.10124E-1	+4.55424E-3	-8.29586E-2
+5.37400E+0	-9.04807E-1	+7.30082E-3	-8.28990E-2
+5.38710E+0	-8.99388E-1	+4.70683E-3	-8.28478E-2
+5.40020E+0	-8.93827E-1	-2.33975E-5	-8.27792E-2
+5.41330E+0	-8.88125E-1	+5.24088E-3	-8.27118E-2
+5.42640E+0	-8.82283E-1	+4.55424E-3	-8.26433E-2
+5.43950E+0	-8.76301E-1	+7.75858E-3	-8.25686E-2
+5.45260E+0	-8.70181E-1	+2.41801E-3	-8.24947E-2
+5.46570E+0	-8.63925E-1	+7.30082E-3	-8.24160E-2
+5.47880E+0	-8.57531E-1	+4.02018E-3	-8.23301E-2
+5.49190E+0	-8.51003E-1	+2.18913E-3	-8.22414E-2
+5.50500E+0	-8.44340E-1	+8.14005E-3	-8.21533E-2
+5.51810E+0	-8.37544E-1	+1.07340E-2	-8.20470E-2
+5.53120E+0	-8.30616E-1	+1.10392E-2	-8.19382E-2
+5.54430E+0	-8.23557E-1	+1.73136E-3	-8.18304E-2
+5.55750E+0	-8.16313E-1	+8.59782E-3	-8.17176E-2
+5.57060E+0	-8.08994E-1	+1.27177E-2	-8.15935E-2
+5.58370E+0	-8.01548E-1	+7.37712E-3	-8.14678E-2
+5.59680E+0	-7.93975E-1	+1.51591E-2	-8.13342E-2
+5.60990E+0	-7.86278E-1	+9.89482E-3	-8.11857E-2
+5.62300E+0	-7.78456E-1	+1.02763E-2	-8.10453E-2
+5.63610E+0	-7.70511E-1	+1.16496E-2	-8.08991E-2
+5.64920E+0	-7.62444E-1	+1.10392E-2	-8.07349E-2
+5.66230E+0	-7.54258E-1	+9.89482E-3	-8.05691E-2
+5.67540E+0	-7.45952E-1	+1.31755E-2	-8.03970E-2
+5.68850E+0	-7.37529E-1	+9.89482E-3	-8.02056E-2
+5.70160E+0	-7.28990E-1	+7.22453E-3	-8.00169E-2
+5.71470E+0	-7.20335E-1	+1.76005E-2	-7.98124E-2
+5.72780E+0	-7.11567E-1	+1.53117E-2	-7.96019E-2
+5.74100E+0	-7.02618E-1	+2.46195E-2	-7.93766E-2
+5.75410E+0	-6.93626E-1	+1.50828E-2	-7.91389E-2
+5.76720E+0	-6.84525E-1	+2.71372E-2	-7.88968E-2
+5.78030E+0	-6.75315E-1	+1.42436E-2	-7.86443E-2
+5.79340E+0	-6.65999E-1	+2.33988E-2	-7.83796E-2
+5.80650E+0	-6.56578E-1	+1.38621E-2	-7.80872E-2
+5.81960E+0	-6.47054E-1	+3.02653E-2	-7.77932E-2
+5.83270E+0	-6.37427E-1	+1.71427E-2	-7.74958E-2
+5.84580E+0	-6.27700E-1	+3.10282E-2	-7.71497E-2
+5.85890E+0	-6.17873E-1	+2.66795E-2	-7.68468E-2
+5.87200E+0	-6.07950E-1	+1.47013E-2	-7.64415E-2
+5.88510E+0	-5.97930E-1	+5.07121E-2	-7.60916E-2
+5.89820E+0	-5.87816E-1	+1.69902E-2	-7.57122E-2
+5.91130E+0	-5.77610E-1	+3.40800E-2	-7.52626E-2
+5.92450E+0	-5.67233E-1	+5.17802E-2	-7.48823E-2
+5.93760E+0	-5.56845E-1	+3.18095E-3	-7.44145E-2
+5.95070E+0	-5.46369E-1	+4.84233E-2	-7.39034E-2
+5.96380E+0	-5.35807E-1	+5.34587E-2	-7.34448E-2
+5.97690E+0	-5.25161E-1	+2.43144E-2	-7.29137E-2
+5.99000E+0	-5.14432E-1	+4.35404E-2	-7.23573E-2
+6.00310E+0	-5.03621E-1	+5.50608E-2	-7.17775E-2
+6.01620E+0	-4.92731E-1	+5.37638E-2	-7.11888E-2
+6.02930E+0	-4.81764E-1	+4.73551E-2	-7.05571E-2
+6.04240E+0	-4.70720E-1	+4.30827E-2	-6.98832E-2
+6.05550E+0	-4.59602E-1	+4.31590E-2	-6.91784E-2
+6.06860E+0	-4.48412E-1	+5.79600E-2	-6.84546E-2
+6.08170E+0	-4.37151E-1	+7.61180E-2	-6.76607E-2
+6.09480E+0	-4.25821E-1	+6.04014E-2	-6.68709E-2
+6.10800E+0	-4.14336E-1	+6.77256E-2	-6.60340E-2
+6.12110E+0	-4.02873E-1	+6.76493E-2	-6.51482E-2
+6.13420E+0	-3.91347E-1	+7.25321E-2	-6.42104E-2
+6.14730E+0	-3.79759E-1	+7.63468E-2	-6.32680E-2
+6.16040E+0	-3.68110E-1	+8.11534E-2	-6.22781E-2
+6.17350E+0	-3.56404E-1	+9.02323E-2	-6.12435E-2
+6.18660E+0	-3.44641E-1	+9.53440E-2	-6.01486E-2
+6.19970E+0	-3.32825E-1	+9.32841E-2	-5.90344E-2
+6.21280E+0	-3.20955E-1	+9.88536E-2	-5.78626E-2
+6.22590E+0	-3.09035E-1	+9.86247E-2	-5.66365E-2
+6.23900E+0	-2.97066E-1	+1.02592E-1	-5.53459E-2
+6.25210E+0	-2.85051E-1	+1.00913E-1	-5.40288E-2
+6.26520E+0	-2.72990E-1	+1.05796E-1	-5.26526E-2
+6.27830E+0	-2.60887E-1	+1.00913E-1	-5.12091E-2
+6.29150E+0	-2.48649E-1	+1.08085E-1	-4.96988E-2
+6.30460E+0	-2.36465E-1	+9.74803E-2	-4.81282E-2
+6.31770E+0	-2.24243E-1	+1.04576E-1	-4.65057E-2
+6.33080E+0	-2.11986E-1	+1.04423E-1	-4.48055E-2
+6.34390E+0	-1.99696E-1	+1.09611E-1	-4.30218E-2
+6.35700E+0	-1.87374E-1	+1.04118E-1	-4.12096E-2
+6.37010E+0	-1.75022E-1	+1.16020E-1	-3.93153E-2
+6.38320E+0	-1.62643E-1	+1.21513E-1	-3.73372E-2
+6.39630E+0	-1.50238E-1	+1.44020E-1	-3.52765E-2
+6.40940E+0	-1.37810E-1	+1.47224E-1	-3.31231E-2
+6.42250E+0	-1.25360E-1	+1.72630E-1	-3.09042E-2
+6.43560E+0	-1.12890E-1	+1.77513E-1	-2.85963E-2
+6.44870E+0	-1.00402E-1	+1.84837E-1	-2.61725E-2
+6.46180E+0	-8.78986E-2	+1.80564E-1	-2.37574E-2
+6.47500E+0	-7.52855E-2	+1.84989E-1	-2.12228E-2
+6.48810E+0	-6.27561E-2	+1.75376E-1	-1.86630E-2
+6.50120E+0	-5.02167E-2	+1.81175E-1	-1.60221E-2
+6.51430E+0	-3.76695E-2	+1.76979E-1	-1.34511E-2
+6.52740E+0	-2.51163E-2	+1.89567E-1	-1.08043E-2
+6.54050E+0	-1.25591E-2	+1.91551E-1	-8.16348E-3
+6.55360E+0	-7.75427E-15	+2.11921E-1	-5.47660E-3
+6.56670E+0	+1.25591E-2	+2.03910E-1	-2.97798E-3
+6.57980E+0	+2.51163E-2	+1.95823E-1	-3.20620E-4
+6.59290E+0	+3.76695E-2	+1.91398E-1	+2.25946E-3
+6.60600E+0	+5.02167E-2	+1.95976E-1	+4.89963E-3
+6.61910E+0	+6.27561E-2	+2.02613E-1	+7.40409E-3
+6.63220E+0	+7.52855E-2	+1.98188E-1	+9.93712E-3
+6.64540E+0	+8.78986E-2	+1.98951E-1	+1.24282E-2
+6.65850E+0	+1.00402E-1	+1.95823E-1	+1.48920E-2
+6.67160E+0	+1.12890E-1	+2.00172E-1	+1.72243E-2
+6.68470E+0	+1.25360E-1	+1.98722E-1	+1.95671E-2
+6.69780E+0	+1.37810E-1	+1.89414E-1	+2.18489E-2
+6.71090E+0	+1.50238E-1	+1.91703E-1	+2.41343E-2
+6.72400E+0	+1.62643E-1	+1.89720E-1	+2.62683E-2
+6.73710E+0	+1.75022E-1	+1.80717E-1	+2.84281E-2
+6.75020E+0	+1.87374E-1	+1.72248E-1	+3.05220E-2
+6.76330E+0	+1.99696E-1	+1.53861E-1	+3.25860E-2
+6.77640E+0	+2.11986E-1	+1.54167E-1	+3.45369E-2
+6.78950E+0	+2.24243E-1	+1.51267E-1	+3.64711E-2
+6.80260E+0	+2.36465E-1	+1.50810E-1	+3.83239E-2
+6.81570E+0	+2.48649E-1	+1.47987E-1	+4.01658E-2
+6.82890E+0	+2.60887E-1	+1.44554E-1	+4.19142E-2
+6.84200E+0	+2.72990E-1	+1.40434E-1	+4.36454E-2
+6.85510E+0	+2.85051E-1	+1.37992E-1	+4.52963E-2
+6.86820E+0	+2.97066E-1	+1.26853E-1	+4.69213E-2
+6.88130E+0	+3.09035E-1	+1.22581E-1	+4.84598E-2
+6.89440E+0	+3.20955E-1	+1.18461E-1	+4.99910E-2
+6.90750E+0	+3.32825E-1	+1.17851E-1	+5.14490E-2
+6.92060E+0	+3.44641E-1	+1.12205E-1	+5.28962E-2
+6.93370E+0	+3.56404E-1	+1.10832E-1	+5.42543E-2
+6.94680E+0	+3.68110E-1	+1.05033E-1	+5.56009E-2
+6.95990E+0	+3.79759E-1	+9.99217E-2	+5.68870E-2
+6.97300E+0	+3.91347E-1	+9.87773E-2	+5.81517E-2
+6.98610E+0	+4.02873E-1	+9.34367E-2	+5.93274E-2
+6.99920E+0	+4.14336E-1	+9.29789E-2	+6.04920E-2
+7.01240E+0	+4.25821E-1	+8.62651E-2	+6.16146E-2
+7.02550E+0	+4.37151E-1	+9.03849E-2	+6.27077E-2
+7.03860E+0	+4.48412E-1	+8.73332E-2	+6.37479E-2
+7.05170E+0	+4.59602E-1	+8.35948E-2	+6.47622E-2
+7.06480E+0	+4.70720E-1	+6.72679E-2	+6.57350E-2
+7.07790E+0	+4.81764E-1	+6.35295E-2	+6.66802E-2
+7.09100E+0	+4.92731E-1	+6.59709E-2	+6.76116E-2
+7.10410E+0	+5.03621E-1	+6.28428E-2	+6.84780E-2
+7.11720E+0	+5.14432E-1	+6.88700E-2	+6.93018E-2
+7.13030E+0	+5.25161E-1	+5.97911E-2	+7.01081E-2
+7.14340E+0	+5.35807E-1	+5.30772E-2	+7.08977E-2
+7.15650E+0	+5.46369E-1	+6.62760E-2	+7.16423E-2
+7.16960E+0	+5.56845E-1	+5.86466E-2	+7.23483E-2
+7.18270E+0	+5.67233E-1	+4.01072E-2	+7.30402E-2
+7.19590E+0	+5.77610E-1	+5.13987E-2	+7.37369E-2
+7.20900E+0	+5.87816E-1	+5.30009E-2	+7.43815E-2
+7.22210E+0	+5.97930E-1	+4.08702E-2	+7.49593E-2
+7.23520E+0	+6.07950E-1	+4.39982E-2	+7.55714E-2
+7.24830E+0	+6.17873E-1	+5.36875E-2	+7.61035E-2
+7.26140E+0	+6.27700E-1	+2.33988E-2	+7.66559E-2
+7.27450E+0	+6.37427E-1	+4.97965E-2	+7.72234E-2
+7.28760E+0	+6.47054E-1	+4.24723E-2	+7.76592E-2
+7.30070E+0	+6.56578E-1	+2.15678E-2	+7.81894E-2
+7.31380E+0	+6.65999E-1	+5.95622E-2	+7.86213E-2
+7.32690E+0	+6.75315E-1	+9.05558E-3	+7.90809E-2
+7.34000E+0	+6.84525E-1	+5.54423E-2	+7.95269E-2
+7.35310E+0	+6.93626E-1	+1.54643E-2	+7.99017E-2
+7.36620E+0	+7.02618E-1	+4.04887E-2	+8.03251E-2
+7.37940E+0	+7.11567E-1	+1.26414E-2	+8.06822E-2
+7.39250E+0	+7.20335E-1	+3.81999E-2	+8.10646E-2
+7.40560E+0	+7.28990E-1	+1.92790E-2	+8.14051E-2
+7.41870E+0	+7.37529E-1	+3.24015E-2	+8.17371E-2
+7.43180E+0	+7.45952E-1	+2.00419E-2	+8.20785E-2
+7.44490E+0	+7.54258E-1	+2.16441E-2	+8.23756E-2
+7.45800E+0	+7.62444E-1	+2.98075E-2	+8.26800E-2
+7.47110E+0	+7.70511E-1	+2.04997E-2	+8.29815E-2
+7.48420E+0	+7.78456E-1	+1.93553E-2	+8.32503E-2
+7.49730E+0	+7.86278E-1	+2.21781E-2	+8.35120E-2
+7.51040E+0	+7.93975E-1	+2.42381E-2	+8.37728E-2
+7.52350E+0	+8.01548E-1	+1.53117E-2	+8.40055E-2
+7.53660E+0	+8.08994E-1	+1.24125E-2	+8.42423E-2
+7.54970E+0	+8.16313E-1	+1.56169E-2	+8.44653E-2
+7.56290E+0	+8.23557E-1	+1.87449E-2	+8.46925E-2
+7.57600E+0	+8.30616E-1	+1.85160E-2	+8.49149E-2
+7.58910E+0	+8.37544E-1	+1.50828E-2	+8.51027E-2
+7.60220E+0	+8.44340E-1	+9.81852E-3	+8.52939E-2
+7.61530E+0	+8.51003E-1	+1.63798E-2	+8.54819E-2
+7.62840E+0	+8.57531E-1	+1.53880E-2	+8.56610E-2
+7.64150E+0	+8.63925E-1	+9.20817E-3	+8.58306E-2
+7.65460E+0	+8.70181E-1	+7.30082E-3	+8.59975E-2
+7.66770E+0	+8.76301E-1	+4.40165E-3	+8.61575E-2
+7.68080E+0	+8.82283E-1	+4.70683E-3	+8.63098E-2
+7.69390E+0	+8.88125E-1	+6.91935E-3	+8.64561E-2
+7.70700E+0	+8.93827E-1	+8.75041E-3	+8.65952E-2
+7.72010E+0	+8.99388E-1	+1.08866E-2	+8.67269E-2
+7.73320E+0	+9.04807E-1	+1.08866E-2	+8.68616E-2
+7.74640E+0	+9.10124E-1	+9.28446E-3	+8.69765E-2
+7.75950E+0	+9.15256E-1	+4.85941E-3	+8.70970E-2
+7.77260E+0	+9.20243E-1	+1.37858E-2	+8.72102E-2
+7.78570E+0	+9.25086E-1	+3.58072E-4	+8.73146E-2
+7.79880E+0	+9.29782E-1	+5.92753E-3	+8.74233E-2
+7.81190E+0	+9.34332E-1	+6.00382E-3	+8.75201E-2
+7.82500E+0	+9.38734E-1	+2.49430E-3	+8.76160E-2
+7.83810E+0	+9.42989E-1	+6.63248E-4	+8.77045E-2
+7.85120E+0	+9.47094E-1	+8.21635E-3	+8.77872E-2
+7.86430E+0	+9.51051E-1	+9.68424E-4	+8.78648E-2
+7.87740E+0	+9.54857E-1	+1.57878E-3	+8.79514E-2
+7.89050E+0	+9.58512E-1	-1.75985E-4	+8.80187E-2
+7.90360E+0	+9.62017E-1	+1.46250E-2	+8.80861E-2
+7.91670E+0	+9.65369E-1	+3.79130E-3	+8.81626E-2
+7.92990E+0	+9.68594E-1	-2.08333E-3	+8.82178E-2
+7.94300E+0	+9.71640E-1	-2.23592E-3	+8.82757E-2
+7.95610E+0	+9.74533E-1	+1.12101E-3	+8.83349E-2
+7.96920E+0	+9.77273E-1	+7.37712E-3	+8.83833E-2
+7.98230E+0	+9.79858E-1	-2.52279E-4	+8.84258E-2
+7.99540E+0	+9.82289E-1	-6.66097E-3	+8.84678E-2
+8.00850E+0	+9.84564E-1	-4.52474E-3	+8.85035E-2
+8.02160E+0	+9.86685E-1	-9.86532E-3	+8.85459E-2
+8.03470E+0	+9.88650E-1	+5.24088E-3	+8.85973E-2
+8.04780E+0	+9.90459E-1	-9.96915E-5	+8.86008E-2
+8.06090E+0	+9.92111E-1	+3.25724E-3	+8.86216E-2
+8.07400E+0	+9.93608E-1	+1.73136E-3	+8.86428E-2
+8.08710E+0	+9.94947E-1	-2.61739E-3	+8.86663E-2
+8.10020E+0	+9.96129E-1	+9.20817E-3	+8.86823E-2
+8.11340E+0	+9.97162E-1	+1.80766E-3	+8.87005E-2
+8.12650E+0	+9.98029E-1	-1.77816E-3	+8.87003E-2
+8.13960E+0	+9.98738E-1	-5.59286E-3	+8.87130E-2
+8.15270E+0	+9.99290E-1	+8.15836E-4	+8.87131E-2
+8.16580E+0	+9.99685E-1	+1.29190E-4	+8.87073E-2
+8.17890E+0	+9.99921E-1	+4.93571E-3	+8.87203E-2
+8.19200E+0	+1.00000E+0	+1.42619E-3	+8.87127E-2
+8.20510E+0	+9.99921E-1	-6.33749E-4	+8.87038E-2
+8.21820E+0	+9.99685E-1	+5.69865E-3	+8.86851E-2
+8.23130E+0	+9.99290E-1	+3.18095E-3	+8.86779E-2
+8.24440E+0	+9.98738E-1	+8.52152E-3	+8.86629E-2
+8.25750E+0	+9.98029E-1	+1.27360E-3	+8.86542E-2
+8.27060E+0	+9.97162E-1	-4.98250E-3	+8.86399E-2
+8.28380E+0	+9.96129E-1	+5.28964E-5	+8.86253E-2
+8.29690E+0	+9.94947E-1	+1.04289E-2	+8.86040E-2
+8.31000E+0	+9.93608E-1	-3.53292E-3	+8.85861E-2
+8.32310E+0	+9.92111E-1	-4.98250E-3	+8.85649E-2
+8.33620E+0	+9.90459E-1	-6.27950E-3	+8.85415E-2
+8.34930E+0	+9.88650E-1	+5.10660E-4	+8.85252E-2
+8.36240E+0	+9.86685E-1	-8.49203E-3	+8.84885E-2
+8.37550E+0	+9.84564E-1	-9.56014E-3	+8.84751E-2
+8.38860E+0	+9.82289E-1	-5.21139E-3	+8.84553E-2
+8.40170E+0	+9.79858E-1	-1.39089E-2	+8.84285E-2
+8.41480E+0	+9.77273E-1	-1.90206E-2	+8.83871E-2
+8.42790E+0	+9.74533E-1	-3.91439E-3	+8.83579E-2
+8.44100E+0	+9.71640E-1	+9.68424E-4	+8.83201E-2
+8.45410E+0	+9.68594E-1	+5.10660E-4	+8.82818E-2
+8.46730E+0	+9.65369E-1	-7.86337E-4	+8.82468E-2
+8.48040E+0	+9.62017E-1	-5.05880E-3	+8.82028E-2
+8.49350E+0	+9.58512E-1	-2.99886E-3	+8.81611E-2
+8.50660E+0	+9.54857E-1	+9.68424E-4	+8.81153E-2
+8.51970E+0	+9.51051E-1	-4.06698E-3	+8.80679E-2
+8.53280E+0	+9.47094E-1	-9.96915E-5	+8.80187E-2
+8.54590E+0	+9.42989E-1	-8.94979E-3	+8.79651E-2
+8.55900E+0	+9.38734E-1	-4.67733E-3	+8.79188E-2
+8.57210E+0	+9.34332E-1	+1.34989E-3	+8.78620E-2
+8.58520E+0	+9.29782E-1	+1.34989E-3	+8.78033E-2
+8.59830E+0	+9.25086E-1	+1.29190E-4	+8.77366E-2
+8.61140E+0	+9.20243E-1	-4.90621E-3	+8.76730E-2
+8.62450E+0	+9.15256E-1	-7.88167E-3	+8.76085E-2
+8.63760E+0	+9.10124E-1	-3.76180E-3	+8.75305E-2
+8.65080E+0	+9.04807E-1	-1.10097E-2	+8.74668E-2
+8.66390E+0	+8.99388E-1	+5.10660E-4	+8.73817E-2
+8.67700E+0	+8.93827E-1	-1.10860E-2	+8.73037E-2
+8.69010E+0	+8.88125E-1	-5.59286E-3	+8.72218E-2
+8.70320E+0	+8.82283E-1	-2.31222E-3	+8.71338E-2
+8.71630E+0	+8.76301E-1	-2.61739E-3	+8.70402E-2
+8.72940E+0	+8.70181E-1	-4.29586E-3	+8.69451E-2
+8.74250E+0	+8.63925E-1	-4.14327E-3	+8.68469E-2
+8.75560E+0	+8.57531E-1	-9.10238E-3	+8.67437E-2
+8.76870E+0	+8.51003E-1	-5.74544E-3	+8.66344E-2
+8.78180E+0	+8.44340E-1	-5.13509E-3	+8.65270E-2
+8.79490E+0	+8.37544E-1	-1.32223E-2	+8.64062E-2
+8.80800E+0	+8.30616E-1	-1.01705E-2	+8.62864E-2
+8.82110E+0	+8.23557E-1	-5.82174E-3	+8.61535E-2
+8.83430E+0	+8.16313E-1	-1.17727E-2	+8.60249E-2
+8.84740E+0	+8.08994E-1	-1.62740E-2	+8.58813E-2
+8.86050E+0	+8.01548E-1	-3.15145E-3	+8.57360E-2
+8.87360E+0	+7.93975E-1	-1.45192E-2	+8.55945E-2
+8.88670E+0	+7.86278E-1	-9.86532E-3	+8.54292E-2
+8.89980E+0	+7.78456E-1	-1.18490E-2	+8.52675E-2
+8.91290E+0	+7.70511E-1	-9.86532E-3	+8.50981E-2
+8.92600E+0	+7.62444E-1	-1.58162E-2	+8.49113E-2
+8.93910E+0	+7.54258E-1	-1.49007E-2	+8.47208E-2
+8.95220E+0	+7.45952E-1	-1.23067E-2	+8.45321E-2
+8.96530E+0	+7.37529E-1	-1.33748E-2	+8.43246E-2
+8.97840E+0	+7.28990E-1	-1.00942E-2	+8.41067E-2
+8.99150E+0	+7.20335E-1	-1.81814E-2	+8.38942E-2
+9.00460E+0	+7.11567E-1	-1.27645E-2	+8.36564E-2
+9.01780E+0	+7.02618E-1	-1.97835E-2	+8.34217E-2
+9.03090E+0	+6.93626E-1	-2.27590E-2	+8.31634E-2
+9.04400E+0	+6.84525E-1	-2.04702E-2	+8.29179E-2
+9.05710E+0	+6.75315E-1	-1.91732E-2	+8.26251E-2
+9.07020E+0	+6.65999E-1	-1.73421E-2	+8.23505E-2
+9.08330E+0	+6.56578E-1	-2.39034E-2	+8.20275E-2
+9.09640E+0	+6.47054E-1	-3.12276E-2	+8.17323E-2
+9.10950E+0	+6.37427E-1	-2.33693E-2	+8.13966E-2
+9.12260E+0	+6.27700E-1	-3.60341E-2	+8.10609E-2
+9.13570E+0	+6.17873E-1	-1.36800E-2	+8.07013E-2
+9.14880E+0	+6.07950E-1	-3.77889E-2	+8.03008E-2
+9.16190E+0	+5.97930E-1	-3.48897E-2	+7.99535E-2
+9.17500E+0	+5.87816E-1	-1.43667E-2	+7.95158E-2
+9.18810E+0	+5.77610E-1	-5.53365E-2	+7.90932E-2
+9.20130E+0	+5.67233E-1	-2.16146E-2	+7.86630E-2
+9.21440E+0	+5.56845E-1	-2.64974E-2	+7.81287E-2
+9.22750E+0	+5.46369E-1	-6.55599E-2	+7.76816E-2
+9.24060E+0	+5.35807E-1	-2.72603E-2	+7.71811E-2
+9.25370E+0	+5.25161E-1	-3.61104E-2	+7.65939E-2
+9.26680E+0	+5.14432E-1	-4.93856E-2	+7.60436E-2
+9.27990E+0	+5.03621E-1	-5.25899E-2	+7.54516E-2
+9.29300E+0	+4.92731E-1	-4.38161E-2	+7.48410E-2
+9.30610E+0	+4.81764E-1	-4.51131E-2	+7.41715E-2
+9.31920E+0	+4.70720E-1	-5.21322E-2	+7.34762E-2
+9.33230E+0	+4.59602E-1	-6.02193E-2	+7.27655E-2
+9.34540E+0	+4.48412E-1	-6.49495E-2	+7.20327E-2
+9.35850E+0	+4.37151E-1	-7.45626E-2	+7.12597E-2
+9.37160E+0	+4.25821E-1	-6.34237E-2	+7.04254E-2
+9.38480E+0	+4.14336E-1	-6.06008E-2	+6.95840E-2
+9.39790E+0	+4.02873E-1	-6.92220E-2	+6.86866E-2
+9.41100E+0	+3.91347E-1	-6.76198E-2	+6.77752E-2
+9.42410E+0	+3.79759E-1	-7.52492E-2	+6.67937E-2
+9.43720E+0	+3.68110E-1	-7.81484E-2	+6.57793E-2
+9.45030E+0	+3.56404E-1	-8.24209E-2	+6.47084E-2
+9.46340E+0	+3.44641E-1	-8.38704E-2	+6.36182E-2
+9.47650E+0	+3.32825E-1	-8.00557E-2	+6.24555E-2
+9.48960E+0	+3.20955E-1	-7.79195E-2	+6.12772E-2
+9.50270E+0	+3.09035E-1	-8.44045E-2	+6.00286E-2
+9.51580E+0	+2.97066E-1	-8.47860E-2	+5.87501E-2
+9.52890E+0	+2.85051E-1	-9.66878E-2	+5.73914E-2
+9.54200E+0	+2.72990E-1	-9.82137E-2	+5.59914E-2
+9.55510E+0	+2.60887E-1	-9.88241E-2	+5.45216E-2
+9.56830E+0	+2.48649E-1	-1.05385E-1	+5.30240E-2
+9.58140E+0	+2.36465E-1	-1.17363E-1	+5.14320E-2
+9.59450E+0	+2.24243E-1	-1.20415E-1	+4.98179E-2
+9.60760E+0	+2.11986E-1	-1.27892E-1	+4.81290E-2
+9.62070E+0	+1.99696E-1	-1.36437E-1	+4.64071E-2
+9.63380E+0	+1.87374E-1	-1.56807E-1	+4.45928E-2
+9.64690E+0	+1.75022E-1	-1.62148E-1	+4.27045E-2
+9.66000E+0	+1.62643E-1	-1.71608E-1	+4.07357E-2
+9.67310E+0	+1.50238E-1	-1.71990E-1	+3.87355E-2
+9.68620E+0	+1.37810E-1	-1.81527E-1	+3.65610E-2
+9.69930E+0	+1.25360E-1	-1.86410E-1	+3.43627E-2
+9.71240E+0	+1.12890E-1	-1.96023E-1	+3.20557E-2
+9.72550E+0	+1.00402E-1	-1.90453E-1	+2.97249E-2
+9.73860E+0	+8.78986E-2	-2.01516E-1	+2.72592E-2
+9.75180E+0	+7.52855E-2	-1.93352E-1	+2.47630E-2
+9.76490E+0	+6.27561E-2	-1.90377E-1	+2.22114E-2
+9.77800E+0	+5.02167E-2	-1.85647E-1	+1.97034E-2
+9.79110E+0	+3.76695E-2	-1.92055E-1	+1.71131E-2
+9.80420E+0	+2.51163E-2	-1.87935E-1	+1.45864E-2
+9.81730E+0	+1.25591E-2	-1.84197E-1	+1.19659E-2
+9.83040E+0	+1.14834E-14	-1.88622E-1	+9.47408E-3
+9.84350E+0	-1.25591E-2	-1.95641E-1	+6.89299E-3
+9.85660E+0	-2.51163E-2	-1.78475E-1	+4.31833E-3
+9.86970E+0	-3.76695E-2	-1.70693E-1	+1.74102E-3
+9.88280E+0	-5.02167E-2	-1.71456E-1	-7.39295E-4
+9.89590E+0	-6.27561E-2	-1.71227E-1	-3.27348E-3
+9.90900E+0	-7.52855E-2	-1.74660E-1	-5.67875E-3
+9.92220E+0	-8.78986E-2	-1.69701E-1	-8.08827E-3
+9.93530E+0	-1.00402E-1	-1.68175E-1	-1.03923E-2
+9.94840E+0	-1.12890E-1	-1.66802E-1	-1.27488E-2
+9.96150E+0	-1.25360E-1	-1.75118E-1	-1.50130E-2
+9.97460E+0	-1.37810E-1	-1.67031E-1	-1.72378E-2
+9.98770E+0	-1.50238E-1	-1.80916E-1	-1.93850E-2
+1.00008E+1	-1.62643E-1	-1.64513E-1	-2.14927E-2
+1.00139E+1	-1.75022E-1	-1.61080E-1	-2.35463E-2
+1.00270E+1	-1.87374E-1	-1.45134E-1	-2.55651E-2
+1.00401E+1	-1.99696E-1	-1.53451E-1	-2.75041E-2
+1.00532E+1	-2.11986E-1	-1.45592E-1	-2.94583E-2
+1.00663E+1	-2.24243E-1	-1.50704E-1	-3.13271E-2
+1.00794E+1	-2.36465E-1	-1.44066E-1	-3.31345E-2
+1.00925E+1	-2.48649E-1	-1.59401E-1	-3.48992E-2
+1.01057E+1	-2.60887E-1	-1.52306E-1	-3.66331E-2
+1.01188E+1	-2.72990E-1	-1.56045E-1	-3.82922E-2
+1.01319E+1	-2.85051E-1	-1.51314E-1	-3.98968E-2
+1.01450E+1	-2.97066E-1	-1.57036E-1	-4.14407E-2
+1.01581E+1	-3.09035E-1	-1.50322E-1	-4.30008E-2
+1.01712E+1	-3.20955E-1	-1.49483E-1	-4.44803E-2
+1.01843E+1	-3.32825E-1	-1.46889E-1	-4.59254E-2
+1.01974E+1	-3.44641E-1	-1.42464E-1	-4.73088E-2
+1.02105E+1	-3.56404E-1	-1.32317E-1	-4.86844E-2
+1.02236E+1	-3.68110E-1	-1.18203E-1	-4.99908E-2
+1.02367E+1	-3.79759E-1	-1.06911E-1	-5.12611E-2
+1.02498E+1	-3.91347E-1	-9.61538E-2	-5.24604E-2
+1.02629E+1	-4.02873E-1	-9.10421E-2	-5.36782E-2
+1.02760E+1	-4.14336E-1	-8.35653E-2	-5.48237E-2
+1.02892E+1	-4.25821E-1	-8.62356E-2	-5.59503E-2
+1.03023E+1	-4.37151E-1	-8.30312E-2	-5.70200E-2
+1.03154E+1	-4.48412E-1	-7.41811E-2	-5.80765E-2
+1.03285E+1	-4.59602E-1	-7.03664E-2	-5.90856E-2
+1.03416E+1	-4.70720E-1	-6.26607E-2	-6.00676E-2
+1.03547E+1	-4.81764E-1	-6.23556E-2	-6.09843E-2
+1.03678E+1	-4.92731E-1	-8.44808E-2	-6.18810E-2
+1.03809E+1	-5.03621E-1	-7.56307E-2	-6.27506E-2
+1.03940E+1	-5.14432E-1	-6.38814E-2	-6.35642E-2
+1.04071E+1	-5.25161E-1	-5.68624E-2	-6.43818E-2
+1.04202E+1	-5.35807E-1	-5.88460E-2	-6.51451E-2
+1.04333E+1	-5.46369E-1	-6.44155E-2	-6.58934E-2
+1.04464E+1	-5.56845E-1	-4.57235E-2	-6.66101E-2
+1.04595E+1	-5.67233E-1	-4.19088E-2	-6.73224E-2
+1.04727E+1	-5.77610E-1	-5.82357E-2	-6.79715E-2
+1.04858E+1	-5.87816E-1	-5.60994E-2	-6.85783E-2
+1.04989E+1	-5.97930E-1	-3.94674E-2	-6.92293E-2
+1.05120E+1	-6.07950E-1	-5.32003E-2	-6.98128E-2
+1.05251E+1	-6.17873E-1	-3.56527E-2	-7.03625E-2
+1.05382E+1	-6.27700E-1	-3.35164E-2	-7.09614E-2
+1.05513E+1	-6.37427E-1	-6.12874E-2	-7.14498E-2
+1.05644E+1	-6.47054E-1	-2.16909E-2	-7.19633E-2
+1.05775E+1	-6.56578E-1	-4.93093E-2	-7.24764E-2
+1.05906E+1	-6.65999E-1	-3.25246E-2	-7.28972E-2
+1.06037E+1	-6.75315E-1	-2.54293E-2	-7.34133E-2
+1.06168E+1	-6.84525E-1	-4.64101E-2	-7.37720E-2
+1.06299E+1	-6.93626E-1	-1.54348E-2	-7.42502E-2
+1.06430E+1	-7.02618E-1	-4.33584E-2	-7.46224E-2
+1.06562E+1	-7.11567E-1	-1.84102E-2	-7.50427E-2
+1.06693E+1	-7.20335E-1	-3.99251E-2	-7.53863E-2
+1.06824E+1	-7.28990E-1	-1.85628E-2	-7.57613E-2
+1.06955E+1	-7.37529E-1	-2.13094E-2	-7.60969E-2
+1.07086E+1	-7.45952E-1	-3.01595E-2	-7.64398E-2
+1.07217E+1	-7.54258E-1	-2.02413E-2	-7.67608E-2
+1.07348E+1	-7.62444E-1	-2.35982E-2	-7.70602E-2
+1.07479E+1	-7.70511E-1	-2.76418E-2	-7.73672E-2
+1.07610E+1	-7.78456E-1	-2.06228E-2	-7.76498E-2
+1.07741E+1	-7.86278E-1	-1.74947E-2	-7.79227E-2
+1.07872E+1	-7.93975E-1	-2.27590E-2	-7.81973E-2
+1.08003E+1	-8.01548E-1	-1.45192E-2	-7.84629E-2
+1.08134E+1	-8.08994E-1	-1.30697E-2	-7.87227E-2
+1.08265E+1	-8.16313E-1	-1.47481E-2	-7.89522E-2
+1.08397E+1	-8.23557E-1	-1.97835E-2	-7.91872E-2
+1.08528E+1	-8.30616E-1	-1.97835E-2	-7.94081E-2
+1.08659E+1	-8.37544E-1	-1.50533E-2	-7.96323E-2
+1.08790E+1	-8.44340E-1	-1.33748E-2	-7.98434E-2
+1.08921E+1	-8.51003E-1	-1.21541E-2	-8.00412E-2
+1.09052E+1	-8.57531E-1	-1.39089E-2	-8.02389E-2
+1.09183E+1	-8.63925E-1	-1.29171E-2	-8.04292E-2
+1.09314E+1	-8.70181E-1	-1.04757E-2	-8.06085E-2
+1.09445E+1	-8.76301E-1	-9.71273E-3	-8.07816E-2
+1.09576E+1	-8.82283E-1	-8.94979E-3	-8.09476E-2
+1.09707E+1	-8.88125E-1	-1.18490E-2	-8.11141E-2
+1.09838E+1	-8.93827E-1	-4.98250E-3	-8.12712E-2
+1.09969E+1	-8.99388E-1	-1.32985E-2	-8.14166E-2
+1.10100E+1	-9.04807E-1	-2.10805E-2	-8.15624E-2
+1.10232E+1	-9.10124E-1	-9.86532E-3	-8.17026E-2
+1.10363E+1	-9.15256E-1	-3.76180E-3	-8.18338E-2
+1.10494E+1	-9.20243E-1	-1.07808E-2	-8.19559E-2
+1.10625E+1	-9.25086E-1	-5.05880E-3	-8.20849E-2
+1.10756E+1	-9.29782E-1	-3.91439E-3	-8.22119E-2
+1.10887E+1	-9.34332E-1	-6.66097E-3	-8.23213E-2
+1.11018E+1	-9.38734E-1	-9.94161E-3	-8.24321E-2
+1.11149E+1	-9.42989E-1	-1.49007E-2	-8.25421E-2
+1.11280E+1	-9.47094E-1	-5.59286E-3	-8.26405E-2
+1.11411E+1	-9.51051E-1	-8.03426E-3	-8.27374E-2
+1.11542E+1	-9.54857E-1	-4.82992E-3	-8.28327E-2
+1.11673E+1	-9.58512E-1	-9.86532E-3	-8.29250E-2
+1.11804E+1	-9.62017E-1	-8.62631E-4	-8.30071E-2
+1.11935E+1	-9.65369E-1	-3.91439E-3	-8.30863E-2
+1.12067E+1	-9.68594E-1	-2.69369E-3	-8.31580E-2
+1.12198E+1	-9.71640E-1	-3.22774E-3	-8.32353E-2
+1.12329E+1	-9.74533E-1	-3.45663E-3	-8.33044E-2
+1.12460E+1	-9.77273E-1	-1.27645E-2	-8.33699E-2
+1.12591E+1	-9.79858E-1	-1.39669E-3	-8.34468E-2
+1.12722E+1	-9.82289E-1	+3.79130E-3	-8.34982E-2
+1.12853E+1	-9.84564E-1	+5.01200E-3	-8.35592E-2
+1.12984E+1	-9.86685E-1	+7.83488E-3	-8.36146E-2
+1.13115E+1	-9.88650E-1	-4.37215E-3	-8.36783E-2
+1.13246E+1	-9.90459E-1	+1.80766E-3	-8.37100E-2
+1.13377E+1	-9.92111E-1	-3.91439E-3	-8.37520E-2
+1.13508E+1	-9.93608E-1	-5.28768E-3	-8.37899E-2
+1.13639E+1	-9.94947E-1	+1.42619E-3	-8.38281E-2
+1.13770E+1	-9.96129E-1	-1.26119E-2	-8.38621E-2
+1.13902E+1	-9.97162E-1	-3.15145E-3	-8.38952E-2
+1.14033E+1	-9.98029E-1	+2.64689E-3	-8.39229E-2
+1.14164E+1	-9.98738E-1	+2.79948E-3	-8.39410E-2
+1.14295E+1	-9.99290E-1	-3.45663E-3	-8.39647E-2
+1.14426E+1	-9.99685E-1	-2.00704E-3	-8.39753E-2
+1.14557E+1	-9.99921E-1	-4.67733E-3	-8.39995E-2
+1.14688E+1	-1.00000E+0	-2.54110E-3	-8.40096E-2
+1.14819E+1	-9.99921E-1	-2.08333E-3	-8.40188E-2
+1.14950E+1	-9.99685E-1	-5.59286E-3	-8.40198E-2
+1.15081E+1	-9.99290E-1	-4.14327E-3	-8.40301E-2
+1.15212E+1	-9.98738E-1	-8.41573E-3	-8.40322E-2
+1.15343E+1	-9.98029E-1	-3.15145E-3	-8.40432E-2
+1.15474E+1	-9.97162E-1	+3.94389E-3	-8.40459E-2
+1.15606E+1	-9.96129E-1	-2.38851E-3	-8.40506E-2
+1.15737E+1	-9.94947E-1	-1.30697E-2	-8.40459E-2
+1.15868E+1	-9.93608E-1	-2.84627E-3	-8.40487E-2
+1.15999E+1	-9.92111E-1	-4.06698E-3	-8.40470E-2
+1.16130E+1	-9.90459E-1	-3.76180E-3	-8.40390E-2
+1.16261E+1	-9.88650E-1	-5.97433E-3	-8.40406E-2
+1.16392E+1	-9.86685E-1	+6.76676E-3	-8.40239E-2
+1.16523E+1	-9.84564E-1	+7.37712E-3	-8.40273E-2
+1.16654E+1	-9.82289E-1	+1.57878E-3	-8.40249E-2
+1.16785E+1	-9.79858E-1	+8.59782E-3	-8.40164E-2
+1.16916E+1	-9.77273E-1	+1.72953E-2	-8.39866E-2
+1.17047E+1	-9.74533E-1	+4.09648E-3	-8.39753E-2
+1.17178E+1	-9.71640E-1	-2.69369E-3	-8.39576E-2
+1.17309E+1	-9.68594E-1	-3.45663E-3	-8.39388E-2
+1.17441E+1	-9.65369E-1	-1.62557E-3	-8.39219E-2
+1.17572E+1	-9.62017E-1	+5.24088E-3	-8.38961E-2
+1.17703E+1	-9.58512E-1	-2.52279E-4	-8.38775E-2
+1.17834E+1	-9.54857E-1	+6.63248E-4	-8.38524E-2
+1.17965E+1	-9.51051E-1	-3.30404E-3	-8.38181E-2
+1.18096E+1	-9.47094E-1	+4.47795E-3	-8.37919E-2
+1.18227E+1	-9.42989E-1	-2.00704E-3	-8.37597E-2
+1.18358E+1	-9.38734E-1	-2.00704E-3	-8.37171E-2
+1.18489E+1	-9.34332E-1	+6.23271E-3	-8.36779E-2
+1.18620E+1	-9.29782E-1	+1.05815E-2	-8.36417E-2
+1.18751E+1	-9.25086E-1	+1.34989E-3	-8.35960E-2
+1.18882E+1	-9.20243E-1	+3.94389E-3	-8.35491E-2
+1.19013E+1	-9.15256E-1	+5.46977E-3	-8.35001E-2
+1.19144E+1	-9.10124E-1	+3.56242E-3	-8.34542E-2
+1.19276E+1	-9.04807E-1	+6.15641E-3	-8.33935E-2
+1.19407E+1	-8.99388E-1	+8.90299E-3	-8.33418E-2
+1.19538E+1	-8.93827E-1	-1.39669E-3	-8.32763E-2
+1.19669E+1	-8.88125E-1	+6.38529E-3	-8.32060E-2
+1.19800E+1	-8.82283E-1	+3.94389E-3	-8.31395E-2
+1.19931E+1	-8.76301E-1	+8.21635E-3	-8.30653E-2
+1.20062E+1	-8.70181E-1	+4.17277E-3	-8.29922E-2
+1.20193E+1	-8.63925E-1	+6.61418E-3	-8.29121E-2
+1.20324E+1	-8.57531E-1	+2.72318E-3	-8.28273E-2
+1.20455E+1	-8.51003E-1	+4.78312E-3	-8.27381E-2
+1.20586E+1	-8.44340E-1	+5.62235E-3	-8.26500E-2
+1.20717E+1	-8.37544E-1	+1.31755E-2	-8.25433E-2
+1.20848E+1	-8.30616E-1	+8.75041E-3	-8.24338E-2
+1.20979E+1	-8.23557E-1	+4.17277E-3	-8.23272E-2
+1.21111E+1	-8.16313E-1	+5.85124E-3	-8.22154E-2
+1.21242E+1	-8.08994E-1	+1.19548E-2	-8.20906E-2
+1.21373E+1	-8.01548E-1	+8.52152E-3	-8.19634E-2
+1.21504E+1	-7.93975E-1	+1.51591E-2	-8.18307E-2
+1.21635E+1	-7.86278E-1	+9.36076E-3	-8.16851E-2
+1.21766E+1	-7.78456E-1	+1.10392E-2	-8.15419E-2
+1.21897E+1	-7.70511E-1	+1.39384E-2	-8.13963E-2
+1.22028E+1	-7.62444E-1	+1.27177E-2	-8.12307E-2
+1.22159E+1	-7.54258E-1	+1.12681E-2	-8.10662E-2
+1.22290E+1	-7.45952E-1	+1.27177E-2	-8.08963E-2
+1.22421E+1	-7.37529E-1	+1.23362E-2	-8.07016E-2
+1.22552E+1	-7.28990E-1	+8.14005E-3	-8.05153E-2
+1.22683E+1	-7.20335E-1	+1.83634E-2	-8.03085E-2
+1.22814E+1	-7.11567E-1	+1.59220E-2	-8.01009E-2
+1.22946E+1	-7.02618E-1	+2.55351E-2	-7.98779E-2
+1.23077E+1	-6.93626E-1	+1.78294E-2	-7.96386E-2
+1.23208E+1	-6.84525E-1	+2.43907E-2	-7.93951E-2
+1.23339E+1	-6.75315E-1	+1.34806E-2	-7.91437E-2
+1.23470E+1	-6.65999E-1	+2.53825E-2	-7.88823E-2
+1.23601E+1	-6.56578E-1	+1.10392E-2	-7.85831E-2
+1.23732E+1	-6.47054E-1	+3.30119E-2	-7.82947E-2
+1.23863E+1	-6.37427E-1	+2.10337E-2	-7.79976E-2
+1.23994E+1	-6.27700E-1	+3.43089E-2	-7.76590E-2
+1.24125E+1	-6.17873E-1	+2.58402E-2	-7.73520E-2
+1.24256E+1	-6.07950E-1	+1.43962E-2	-7.69502E-2
+1.24387E+1	-5.97930E-1	+5.07121E-2	-7.65950E-2
+1.24518E+1	-5.87816E-1	+1.91264E-2	-7.62204E-2
+1.24649E+1	-5.77610E-1	+3.01127E-2	-7.57706E-2
+1.24781E+1	-5.67233E-1	+5.14750E-2	-7.53866E-2
+1.24912E+1	-5.56845E-1	+7.60600E-3	-7.49250E-2
+1.25043E+1	-5.46369E-1	+4.82707E-2	-7.44104E-2
+1.25174E+1	-5.35807E-1	+5.48319E-2	-7.39564E-2
+1.25305E+1	-5.25161E-1	+2.38566E-2	-7.34253E-2
+1.25436E+1	-5.14432E-1	+4.23960E-2	-7.28641E-2
+1.25567E+1	-5.03621E-1	+5.20854E-2	-7.22854E-2
+1.25698E+1	-4.92731E-1	+5.62815E-2	-7.16998E-2
+1.25829E+1	-4.81764E-1	+4.43034E-2	-7.10745E-2
+1.25960E+1	-4.70720E-1	+4.60581E-2	-7.03936E-2
+1.26091E+1	-4.59602E-1	+4.32353E-2	-6.96885E-2
+1.26222E+1	-4.48412E-1	+5.71208E-2	-6.89680E-2
+1.26353E+1	-4.37151E-1	+7.29136E-2	-6.81830E-2
+1.26484E+1	-4.25821E-1	+6.21562E-2	-6.73969E-2
+1.26616E+1	-4.14336E-1	+7.05485E-2	-6.65605E-2
+1.26747E+1	-4.02873E-1	+7.07774E-2	-6.56679E-2
+1.26878E+1	-3.91347E-1	+6.99382E-2	-6.47302E-2
+1.27009E+1	-3.79759E-1	+7.46684E-2	-6.38002E-2
+1.27140E+1	-3.68110E-1	+8.07719E-2	-6.28083E-2
+1.27271E+1	-3.56404E-1	+8.79435E-2	-6.17734E-2
+1.27402E+1	-3.44641E-1	+9.25975E-2	-6.06843E-2
+1.27533E+1	-3.32825E-1	+9.58781E-2	-5.95741E-2
+1.27664E+1	-3.20955E-1	+1.04804E-1	-5.83983E-2
+1.27795E+1	-3.09035E-1	+1.01524E-1	-5.71639E-2
+1.27926E+1	-2.97066E-1	+1.00227E-1	-5.58772E-2
+1.28057E+1	-2.85051E-1	+9.59544E-2	-5.45663E-2
+1.28188E+1	-2.72990E-1	+1.01600E-1	-5.31970E-2
+1.28319E+1	-2.60887E-1	+9.53440E-2	-5.17661E-2
+1.28451E+1	-2.48649E-1	+1.06559E-1	-5.02564E-2
+1.28582E+1	-2.36465E-1	+9.75566E-2	-4.86880E-2
+1.28713E+1	-2.24243E-1	+1.01295E-1	-4.70687E-2
+1.28844E+1	-2.11986E-1	+9.59544E-2	-4.53672E-2
+1.28975E+1	-1.99696E-1	+1.02973E-1	-4.35869E-2
+1.29106E+1	-1.87374E-1	+9.75566E-2	-4.17683E-2
+1.29237E+1	-1.75022E-1	+1.11137E-1	-3.98697E-2
+1.29368E+1	-1.62643E-1	+1.17698E-1	-3.78923E-2
+1.29499E+1	-1.50238E-1	+1.40129E-1	-3.58373E-2
+1.29630E+1	-1.37810E-1	+1.41349E-1	-3.36719E-2
+1.29761E+1	-1.25360E-1	+1.71409E-1	-3.14516E-2
+1.29892E+1	-1.12890E-1	+1.81632E-1	-2.91610E-2
+1.30023E+1	-1.00402E-1	+1.90177E-1	-2.67482E-2
+1.30154E+1	-8.78986E-2	+1.77970E-1	-2.43305E-2
+1.30286E+1	-7.52855E-2	+1.80564E-1	-2.17717E-2
+1.30417E+1	-6.27561E-2	+1.77055E-1	-1.91996E-2
+1.30548E+1	-5.02167E-2	+1.92619E-1	-1.65707E-2
+1.30679E+1	-3.76695E-2	+1.85752E-1	-1.40140E-2
+1.30810E+1	-2.51163E-2	+1.83464E-1	-1.13608E-2
+1.30941E+1	-1.25591E-2	+1.89262E-1	-8.69387E-3
